4080			
259	260	261	262
263	264	265	266
267	268	269	261
260	261	262	269
270	271	272	183
273	274	275	260
260	276	277	278
260	277	276	269
279	280	232	281
261	282	267	77
260	261	268	275
261	275	77	268
283	261	284	262
261	285	283	286
286	261	282	287
288	289	290	291
275	259	260	261
292	57	56	232
293	294	295	296
293	297	296	298
293	299	298	300
301	205	302	217
303	205	302	301
304	301	305	306
304	307	308	309
307	310	311	304
310	312	303	304
313	314	315	316
313	317	318	319
313	318	320	314
313	315	320	321
313	322	323	319
324	325	326	327
325	299	328	329
325	327	324	330
325	331	326	332
333	334	335	336
293	325	298	299
325	327	330	337
327	332	325	326
293	332	325	327
338	339	340	341
342	338	340	343
333	344	345	329
338	346	347	348
349	350	351	352
352	353	350	351
354	355	356	357
355	356	357	352
352	358	359	356
352	353	351	358
360	108	109	121
352	355	361	349
352	359	361	355
284	362	363	277
277	364	278	365
352	358	356	357
359	356	366	367
359	368	305	367
359	305	355	356
359	333	335	336
359	335	333	351
369	370	371	372
369	373	374	375
375	376	360	369
344	377	378	329
369	379	370	380
373	369	381	376
382	383	358	384
355	301	385	354
355	306	301	354
355	301	306	305
386	387	348	346
386	346	388	387
386	387	389	348
386	347	215	201
386	390	391	211
386	390	211	215
263	264	392	265
263	393	394	171
395	266	264	396
266	264	396	263
263	393	264	394
263	397	396	398
399	400	343	176
401	124	123	114
399	402	73	100
399	387	193	403
399	403	193	176
152	404	151	405
406	333	358	407
405	408	409	138
410	405	408	411
405	404	410	412
405	409	411	137
293	294	332	413
411	137	151	405
414	412	152	138
415	416	417	418
405	412	408	138
363	419	420	421
283	363	419	420
420	419	422	421
415	423	424	381
363	425	426	419
421	427	428	425
419	421	425	429
430	248	253	247
421	419	425	363
421	427	431	422
421	429	431	425
432	388	433	346
432	434	342	435
432	433	342	346
432	388	164	433
432	403	176	164
432	177	435	180
119	436	118	437
438	436	439	440
436	440	438	441
436	437	440	441
442	443	444	445
436	440	446	103
436	439	312	310
436	102	312	103
447	310	118	102
310	118	102	436
448	445	442	213
449	173	450	451
449	179	278	452
449	453	452	276
449	451	365	454
449	453	276	365
449	454	278	185
283	455	286	285
283	456	363	284
448	316	457	315
92	458	83	382
458	459	460	461
462	375	376	360
458	83	382	461
130	13	2	98
358	382	461	458
228	463	464	465
458	459	406	407
458	358	406	461
458	407	383	466
467	394	468	469
470	469	471	472
467	470	471	473
471	467	474	411
470	411	469	467
475	50	135	136
476	381	477	478
479	120	106	476
480	479	120	106
476	381	360	481
476	107	360	121
476	479	477	381
212	448	213	457
448	482	197	465
448	316	465	442
448	482	196	197
315	448	316	465
483	67	227	68
448	213	442	197
448	315	212	196
390	484	485	211
486	101	487	349
390	484	215	488
390	484	489	485
490	390	488	484
390	489	484	490
390	341	391	489
390	348	391	341
491	131	104	492
493	494	495	496
493	494	496	497
493	498	497	499
493	500	501	502
493	498	499	503
494	504	505	493
506	493	505	500
493	501	506	503
299	507	508	509
510	299	511	509
512	299	511	510
299	429	509	508
513	514	515	372
513	516	517	518
519	372	520	513
513	521	514	372
522	521	523	513
524	525	98	526
524	413	160	525
524	525	14	98
524	525	160	14
524	527	148	528
529	530	531	515
529	515	371	530
314	465	532	464
374	140	533	529
529	534	535	140
529	536	374	531
529	536	238	533
537	538	539	142
537	294	155	295
155	143	540	294
537	294	512	541
542	543	544	316
537	539	545	142
545	537	546	539
406	461	358	351
406	547	351	335
406	548	351	547
429	298	300	419
277	362	421	549
421	429	419	422
429	550	551	511
429	419	422	552
429	431	377	422
524	160	148	14
421	429	422	431
301	553	354	306
496	554	499	222
303	355	301	555
304	218	308	307
355	306	354	305
301	385	553	217
304	308	306	305
439	103	556	440
439	556	206	557
558	199	559	560
558	226	561	195
558	291	562	560
192	3	19	99
558	230	291	560
558	258	8	195
558	199	562	226
563	564	86	384
558	8	258	64
565	394	468	467
565	397	234	247
565	566	567	430
565	567	566	408
467	408	468	565
314	465	316	544
565	468	397	430
263	266	568	398
392	393	569	264
263	392	170	568
392	393	175	569
171	393	175	392
570	171	393	175
280	246	232	233
571	150	158	572
263	392	393	171
570	573	473	394
470	473	570	475
570	473	574	475
315	196	320	557
406	328	333	407
406	334	328	575
333	344	508	334
333	344	334	336
415	576	521	523
415	577	424	578
578	415	523	576
415	521	576	423
415	579	418	580
415	521	423	381
415	381	580	521
415	577	579	581
524	15	80	14
524	15	527	80
527	582	79	16
527	528	147	148
527	80	583	528
527	583	584	528
585	586	331	81
325	585	332	297
585	583	297	587
585	526	583	81
538	143	588	30
538	110	589	32
538	541	590	591
538	589	142	32
537	538	142	143
592	209	208	27
538	590	541	539
593	594	595	596
500	594	506	597
598	356	366	599
596	443	503	600
596	601	595	593
596	597	600	503
448	197	196	212
602	603	241	481
603	241	481	604
604	106	605	37
476	481	604	479
604	606	479	481
476	106	604	107
604	605	240	37
604	603	606	481
440	438	441	437
436	438	310	441
446	436	119	437
437	322	319	440
440	322	319	323
310	438	436	439
103	436	119	446
607	534	45	139
607	566	530	408
607	408	530	412
607	138	408	412
607	409	138	47
607	530	139	414
608	609	610	611
608	609	611	612
613	612	229	608
559	613	612	229
612	609	614	608
608	229	613	245
277	549	273	364
421	422	549	427
549	273	615	420
549	616	427	617
549	615	273	618
549	427	618	617
205	307	304	312
312	310	303	102
312	40	556	103
312	556	40	206
293	295	512	300
325	298	297	293
537	155	154	295
294	528	332	413
619	84	350	353
620	501	621	622
155	148	296	294
270	183	272	169
568	266	271	272
392	170	568	184
568	266	265	271
568	265	184	183
456	296	623	300
624	296	625	626
627	628	629	630
456	623	419	300
283	456	284	625
419	426	300	429
283	419	552	420
296	623	631	625
623	631	625	455
283	455	623	625
283	455	632	623
455	285	632	90
455	285	582	286
455	582	285	79
455	285	90	79
619	353	627	633
593	634	594	500
635	188	636	181
493	504	500	502
500	502	637	638
500	597	639	594
568	292	170	398
266	398	280	272
568	271	183	272
266	395	265	640
263	266	398	396
263	393	392	264
263	170	392	171
568	398	266	272
277	273	420	262
269	641	145	642
269	643	276	642
269	276	268	642
277	276	269	643
260	262	277	269
269	261	287	267
644	132	645	256
629	354	646	563
132	647	162	644
644	162	132	5
644	162	5	44
644	44	533	162
370	380	539	648
370	380	379	539
649	370	539	648
370	371	649	379
370	648	520	522
650	97	651	619
650	223	129	1
592	27	628	69
650	628	630	223
650	223	1	28
650	628	223	28
566	652	248	237
565	567	408	468
566	653	567	430
566	430	247	248
654	190	271	655
333	358	656	657
359	345	356	657
377	508	329	344
344	377	658	659
507	344	334	508
344	658	508	507
344	336	659	658
558	8	64	226
326	660	130	112
326	113	331	324
661	662	663	636
661	664	665	666
663	661	181	182
636	661	181	663
661	665	166	666
661	182	667	166
623	587	584	632
623	298	668	552
283	259	262	420
623	298	552	419
283	455	285	632
292	669	169	57
568	169	292	272
292	281	272	169
568	292	169	170
592	70	27	69
292	280	233	398
292	669	57	232
292	281	280	398
415	521	418	417
579	416	542	577
670	579	416	542
579	671	542	670
579	672	671	670
561	562	673	203
579	580	479	671
674	43	223	204
579	580	581	479
415	521	580	418
313	579	319	671
579	581	577	319
495	488	216	219
675	676	51	135
135	675	572	134
675	450	134	677
675	677	52	173
52	675	134	677
675	678	450	451
675	451	174	676
675	676	174	51
265	184	183	190
679	273	274	275
680	275	679	274
388	681	164	433
568	169	183	170
274	76	682	680
274	278	680	179
274	452	276	278
274	275	76	680
662	667	622	666
213	457	220	212
293	325	332	297
683	587	297	298
585	328	331	459
683	298	329	668
325	298	329	683
596	594	684	597
596	506	593	594
594	595	596	684
684	518	685	594
596	686	609	687
596	687	684	595
500	505	506	593
338	688	689	690
691	469	472	692
688	693	502	690
500	504	688	502
688	694	505	637
621	611	695	560
621	443	695	611
501	621	662	597
621	503	597	501
696	181	635	636
621	443	503	620
621	288	697	622
698	379	380	539
379	369	375	698
699	110	590	698
589	699	110	590
698	699	109	360
698	380	700	701
698	109	699	110
698	701	122	110
17	641	145	282
681	702	201	703
282	287	145	704
282	287	704	286
282	78	286	582
261	78	282	77
282	286	146	582
290	611	687	600
290	705	600	687
290	613	279	610
621	290	600	611
290	706	707	600
442	443	543	609
442	612	443	609
442	708	612	465
442	443	445	543
442	197	444	708
262	283	261	259
662	502	501	500
500	501	597	506
502	709	693	710
690	502	711	709
502	664	710	638
688	637	502	712
711	688	504	502
502	711	709	501
585	332	583	526
278	185	178	179
79	583	584	527
583	297	528	332
407	585	587	466
585	91	583	587
583	297	587	584
583	584	91	79
538	588	111	30
538	590	539	142
541	713	539	701
714	643	149	133
714	453	677	450
714	450	678	365
714	678	572	571
714	678	134	572
714	715	150	149
279	705	610	716
279	280	281	705
279	669	281	232
279	231	669	232
610	246	245	279
252	610	246	245
300	296	295	626
717	396	398	280
292	280	281	232
292	280	232	233
627	633	353	357
699	718	141	647
280	717	396	716
280	398	717	233
280	717	716	246
590	539	698	701
456	623	296	625
370	380	648	510
283	284	363	262
698	380	478	700
449	453	450	172
283	286	625	284
719	362	715	571
432	388	403	164
388	347	681	433
523	593	659	720
681	386	201	347
580	481	602	373
436	441	310	118
373	580	381	721
580	721	722	514
602	580	373	722
723	724	168	195
696	180	181	165
558	724	291	723
683	328	407	329
563	627	633	629
723	291	258	231
344	658	507	336
292	56	169	170
601	542	725	543
542	544	543	601
542	416	726	577
556	492	40	207
313	577	579	542
542	727	577	726
726	542	725	601
313	316	542	314
728	105	491	131
728	729	239	730
728	730	255	731
732	733	734	87
732	733	71	391
732	402	73	340
732	71	733	87
732	402	72	73
369	376	360	381
376	242	735	373
376	735	645	108
731	131	225	6
540	155	148	144
360	735	481	376
376	381	373	481
376	735	108	360
706	600	597	707
266	706	736	271
737	687	595	738
684	594	685	639
706	270	289	663
290	706	281	289
453	643	642	276
266	706	685	736
728	729	491	105
599	598	739	366
731	225	68	6
366	739	494	354
345	356	599	366
557	439	740	323
366	336	367	659
366	598	739	354
406	401	575	328
548	459	114	401
460	548	459	114
401	324	114	123
401	324	459	114
443	600	609	611
443	609	612	611
621	443	620	695
604	107	735	481
107	360	735	481
735	481	373	241
735	645	108	35
729	240	606	605
320	729	741	730
729	318	730	320
729	318	240	239
729	491	105	317
729	323	491	317
729	317	606	318
283	261	259	285
261	284	262	287
261	282	78	286
477	120	127	126
285	286	78	582
285	259	90	89
573	742	234	394
470	570	394	393
570	394	393	171
573	394	234	257
573	473	394	257
709	743	554	488
711	709	347	690
690	693	709	347
709	681	710	664
690	711	744	347
291	745	724	288
291	288	724	562
723	291	168	724
291	289	281	669
741	207	492	740
268	269	261	260
275	746	679	273
275	746	273	259
714	133	134	677
714	365	453	450
453	643	365	714
362	715	571	714
269	287	643	642
453	643	133	642
276	453	643	365
538	111	591	110
685	594	518	747
684	518	594	595
685	395	518	748
684	685	738	705
692	691	640	749
684	597	594	639
685	395	748	396
266	395	685	396
596	543	443	609
609	687	611	600
608	612	244	614
245	608	244	610
614	610	252	244
503	543	445	443
609	610	611	687
442	543	544	609
536	375	462	647
536	531	242	373
536	533	256	238
529	238	536	531
536	645	242	256
644	533	536	647
293	327	337	512
326	750	526	331
327	112	588	751
325	330	328	337
293	512	541	327
326	751	660	112
682	752	268	642
682	452	179	192
682	268	99	76
540	751	294	143
646	598	490	753
753	733	564	341
753	71	733	489
753	646	70	489
753	489	70	71
753	563	598	564
749	747	754	640
538	591	590	110
264	395	469	691
692	755	428	747
692	640	691	395
692	747	395	516
293	294	751	541
407	585	328	683
526	332	583	80
585	526	81	331
585	586	459	331
297	296	298	584
293	297	332	296
583	528	297	584
528	297	296	332
325	585	683	328
277	278	276	365
433	164	180	165
274	682	179	680
454	756	757	364
756	278	364	454
364	616	757	454
549	364	757	273
364	756	757	679
364	273	278	679
756	758	679	178
539	546	545	649
756	757	435	759
756	278	185	178
679	278	364	756
479	606	317	319
319	479	480	317
479	319	671	606
476	481	479	381
580	479	606	481
604	479	606	106
479	319	437	581
479	477	581	437
289	288	667	745
589	141	718	142
745	673	288	667
289	182	168	745
270	289	182	168
745	167	724	673
745	168	724	167
746	758	75	679
746	259	89	88
483	68	225	196
746	273	259	760
88	761	74	746
762	88	761	74
746	679	273	761
746	273	760	761
325	298	299	329
541	701	591	713
327	713	512	541
591	701	110	122
591	700	713	701
591	713	700	330
591	123	330	122
86	734	94	564
129	9	97	1
734	733	86	87
732	734	341	340
753	489	733	341
733	391	341	489
523	513	763	522
369	370	423	380
370	423	576	521
580	721	521	381
370	521	576	522
688	764	618	689
764	739	599	765
694	377	766	764
641	17	18	77
764	494	739	689
326	660	525	130
331	324	325	326
326	660	751	413
326	130	750	113
660	588	751	144
660	413	144	751
727	311	368	309
727	726	767	577
727	309	768	725
727	769	322	438
561	673	562	724
561	60	673	167
561	562	203	226
561	60	59	203
439	310	438	307
439	557	307	769
439	769	321	557
307	557	206	212
304	205	218	307
312	307	206	205
651	770	10	116
651	487	619	350
669	57	168	169
651	619	97	84
650	651	487	619
650	651	97	129
727	311	309	438
368	767	659	336
659	368	768	767
368	305	311	361
368	311	771	335
764	494	689	504
739	689	765	764
739	354	490	495
366	356	354	367
341	689	765	739
772	594	518	595
772	593	594	595
772	594	634	747
772	594	747	518
772	593	763	720
772	720	773	774
313	729	320	318
542	727	313	577
440	322	769	438
313	322	321	323
438	775	437	322
441	438	775	437
727	368	311	771
727	775	322	577
752	161	3	18
682	192	776	452
752	776	161	642
776	682	642	752
752	192	3	161
752	641	99	268
752	641	18	99
453	677	450	172
262	269	261	287
269	268	641	642
269	268	267	641
449	278	365	276
486	487	101	116
115	486	770	461
486	350	487	116
777	214	203	199
486	351	350	461
486	547	548	117
486	349	351	547
589	32	110	109
283	552	623	632
297	298	587	584
380	510	778	713
623	298	296	584
293	541	751	327
371	515	374	721
371	379	535	649
371	414	535	530
371	515	779	530
371	535	379	374
371	779	372	520
603	671	780	318
603	243	318	780
603	602	241	250
603	318	243	240
589	141	699	718
589	699	141	781
589	699	109	110
538	589	110	590
538	31	32	142
589	699	590	545
312	102	782	42
323	439	740	440
439	556	312	206
556	446	104	740
446	440	740	556
651	97	9	84
556	492	740	104
556	492	207	740
556	557	740	207
556	206	557	207
312	41	206	40
439	312	310	307
739	744	689	711
731	68	255	6
739	689	744	341
354	356	598	563
366	367	354	494
354	367	356	305
354	385	646	553
354	553	646	490
390	744	488	347
484	490	489	210
490	219	210	484
553	490	219	210
490	488	219	484
495	490	488	219
484	488	219	215
324	331	114	113
331	114	113	586
586	750	113	331
586	81	750	331
586	114	460	459
585	82	586	81
586	460	82	459
442	444	443	612
621	290	611	560
608	613	612	611
591	700	122	330
290	288	291	560
290	279	705	610
290	611	610	687
541	327	591	111
541	588	327	111
660	112	30	29
660	29	30	144
751	143	144	588
540	751	143	144
327	588	112	111
538	111	31	30
538	143	30	31
476	381	478	360
381	581	477	424
415	580	381	581
369	380	698	379
369	374	371	379
580	581	479	381
376	360	381	481
481	373	580	381
538	143	31	142
580	479	481	381
352	359	358	351
356	384	598	563
384	356	358	357
356	598	657	599
355	354	627	357
302	385	208	630
302	385	217	208
355	361	349	305
302	204	782	555
666	662	661	664
662	664	638	636
313	323	317	319
621	662	707	622
662	663	707	667
500	502	638	662
290	613	611	560
608	613	610	245
559	613	611	612
612	559	695	611
279	291	231	613
290	281	279	291
665	710	681	664
530	534	139	535
665	783	702	61
665	743	666	664
665	666	702	783
665	61	702	165
661	165	166	665
729	105	605	317
539	713	510	380
299	713	337	784
299	713	512	337
299	337	328	784
509	510	785	511
522	510	576	370
509	522	510	576
785	522	648	510
510	509	576	778
784	778	299	713
443	695	611	612
442	544	543	316
443	445	620	444
542	543	316	725
543	601	498	725
596	543	601	506
543	601	506	498
323	320	729	741
730	320	464	463
313	729	323	320
728	741	491	729
728	605	105	37
730	320	318	464
217	304	301	205
368	305	367	309
352	356	359	355
555	355	301	630
304	312	303	205
304	307	309	311
311	304	310	303
359	305	368	361
349	305	303	355
355	301	630	385
305	309	308	367
283	632	285	259
304	305	301	303
320	196	483	741
320	741	323	557
320	557	323	321
730	483	463	227
728	131	491	741
313	320	315	314
320	464	463	314
542	321	725	316
313	318	314	671
681	433	665	165
681	164	433	165
388	347	433	346
681	743	347	201
681	702	743	201
349	311	547	447
368	311	335	361
311	305	303	349
355	349	555	303
359	305	356	367
769	557	457	321
361	547	311	335
355	349	627	555
352	355	627	357
299	429	329	298
329	377	378	429
344	378	345	329
333	344	329	508
345	336	333	359
784	334	328	329
329	334	328	333
786	784	507	334
784	507	334	508
508	550	509	658
338	693	688	690
693	338	347	690
709	710	433	693
709	681	433	710
554	501	787	743
338	688	693	342
338	744	690	689
347	711	744	488
299	300	429	298
713	327	330	591
299	507	509	778
293	337	299	512
327	330	123	324
337	784	713	330
325	328	324	331
541	327	713	591
607	236	408	409
405	408	411	409
566	567	653	652
566	530	567	652
408	567	410	468
694	720	431	377
694	377	505	720
694	637	427	774
505	688	764	694
694	422	427	618
694	427	422	431
478	369	375	360
375	699	647	718
375	374	718	647
446	105	119	104
510	522	648	370
698	122	701	700
556	40	492	104
373	376	375	369
375	647	699	462
527	631	147	528
527	631	79	582
631	624	296	625
528	527	631	584
584	527	631	79
631	624	582	147
460	83	770	10
460	548	461	459
458	460	83	461
586	460	114	12
458	460	459	466
586	460	12	82
570	574	473	194
570	573	394	171
392	569	265	264
263	394	397	742
470	475	393	569
392	175	184	569
570	573	171	194
277	269	262	287
665	702	681	165
696	710	635	433
636	696	710	635
346	433	693	347
592	26	646	209
592	646	70	563
592	629	646	563
592	628	629	69
592	69	633	70
592	646	26	70
612	708	198	559
560	613	611	559
612	465	228	244
608	609	614	610
443	612	444	695
442	612	609	544
612	228	708	229
267	641	145	269
641	268	267	77
641	642	161	145
492	207	39	40
752	161	641	642
260	273	277	262
274	452	278	179
185	756	187	454
756	759	454	757
449	278	454	365
449	278	179	185
756	185	278	454
767	577	578	775
440	446	317	437
767	336	578	658
368	367	336	659
709	502	501	664
662	664	666	622
667	666	662	661
500	662	639	597
665	710	664	696
690	502	709	693
399	387	403	402
432	400	177	176
400	758	434	177
400	73	343	340
400	758	74	434
400	74	762	434
455	632	584	90
527	583	80	79
584	587	91	90
455	582	79	631
631	584	296	528
776	161	642	133
776	677	172	53
752	776	192	161
453	452	642	776
452	682	642	776
453	172	776	677
277	262	284	287
259	88	95	89
714	677	134	450
675	173	450	677
449	450	365	451
675	450	173	451
451	365	678	450
788	451	365	678
591	110	701	590
591	700	701	122
512	713	510	539
713	380	539	701
380	539	648	510
510	539	648	512
491	741	740	323
293	512	299	300
758	680	178	20
758	434	761	74
758	434	679	761
73	74	762	400
746	758	74	75
386	200	201	215
400	758	22	74
400	22	758	177
756	177	758	178
380	701	713	700
369	370	379	371
509	550	522	576
509	550	576	658
299	713	510	512
380	778	700	713
325	328	683	329
326	113	750	331
750	113	13	12
750	526	81	98
326	526	750	525
750	98	525	526
326	750	130	525
326	327	751	112
607	236	566	408
566	530	652	237
567	519	789	516
567	517	515	519
566	653	248	652
310	441	438	311
310	447	441	311
437	436	118	441
304	305	311	309
310	447	311	303
279	280	705	716
387	348	402	389
386	388	200	387
387	389	224	211
387	224	790	200
386	388	346	347
388	387	403	790
442	197	708	465
596	595	601	686
442	465	544	316
442	612	708	444
385	553	209	646
355	630	627	385
302	208	204	630
302	303	782	205
592	385	208	209
296	155	147	148
779	791	410	519
567	779	410	519
567	412	779	530
470	394	473	467
371	779	515	372
530	779	371	414
529	531	530	237
607	139	530	534
530	652	531	515
408	412	567	530
473	194	574	163
473	467	257	48
473	474	137	136
473	467	48	137
604	35	36	241
604	603	240	606
759	454	191	187
714	150	134	149
476	360	478	121
415	579	416	418
476	604	481	107
476	360	107	481
375	379	699	718
589	545	142	718
699	718	379	545
650	619	630	628
650	674	487	129
619	627	630	628
619	628	97	69
589	109	781	32
781	33	141	32
781	162	647	141
699	647	781	462
781	132	462	647
781	132	647	162
354	553	490	495
495	553	219	306
553	490	210	489
385	553	217	209
306	553	219	217
280	705	716	396
585	81	583	91
331	328	324	459
326	751	327	332
331	324	114	459
612	708	559	229
708	559	65	198
708	559	229	65
444	198	708	197
612	708	228	465
279	246	280	716
743	215	347	201
664	709	743	501
685	594	736	639
290	610	705	687
743	488	215	216
743	787	216	202
695	560	777	697
621	707	662	597
621	620	622	697
621	288	622	707
290	291	289	281
707	289	288	667
697	560	777	562
288	622	707	667
619	350	627	353
352	350	353	627
486	349	350	351
651	487	350	116
651	129	487	116
350	461	351	353
388	403	164	790
279	246	716	610
399	403	176	343
432	403	388	346
432	176	403	343
619	350	487	627
385	627	629	630
301	302	385	217
627	555	487	630
630	555	302	301
352	627	355	349
352	349	350	627
491	740	741	492
491	740	446	323
491	317	323	446
313	729	318	317
729	741	491	323
730	483	731	741
311	307	309	438
305	361	349	311
727	775	767	771
359	368	367	336
301	302	630	385
309	769	308	725
688	690	711	689
338	339	341	689
422	378	792	766
280	272	281	705
346	432	343	342
688	618	764	694
338	689	688	618
669	232	231	57
464	239	227	243
500	688	505	637
693	342	712	635
427	428	425	431
427	774	428	431
427	618	617	637
549	616	617	757
523	416	593	763
523	577	726	416
523	720	550	763
523	550	576	522
523	763	550	522
523	416	763	417
767	523	578	577
523	550	658	576
691	749	472	676
749	265	793	569
640	265	793	749
635	435	187	180
691	265	395	640
458	382	383	358
458	382	92	383
384	382	92	85
92	384	93	383
461	770	83	382
382	353	84	85
382	770	83	84
379	649	370	539
370	380	510	423
648	539	649	546
648	546	512	539
510	423	778	576
580	373	722	721
432	400	434	177
479	579	319	581
746	761	758	679
604	603	241	240
580	481	603	602
602	373	241	249
183	663	182	270
339	434	340	761
270	706	281	272
756	187	759	435
270	669	289	168
289	270	706	281
281	669	289	270
342	340	434	343
304	301	306	217
303	447	349	782
303	102	447	782
312	303	205	782
359	333	657	358
355	301	305	303
408	410	567	412
652	515	653	722
567	652	530	515
565	566	236	408
675	451	173	174
451	788	749	678
451	186	454	185
451	788	454	793
438	310	311	307
767	523	577	726
307	557	212	457
440	321	323	439
439	307	206	312
368	767	336	771
322	437	319	775
438	311	441	771
347	346	338	693
727	775	577	767
726	523	593	659
767	578	771	775
727	368	767	768
549	757	364	616
756	757	679	434
364	278	365	454
277	269	287	643
756	278	178	679
756	434	177	435
688	764	689	504
688	637	712	618
536	242	531	238
739	689	494	711
764	345	766	599
764	766	618	765
689	339	341	765
155	624	156	295
624	625	146	704
704	624	626	156
296	625	626	456
779	519	515	372
624	625	582	146
631	582	624	625
624	147	296	155
602	373	249	722
749	678	472	676
691	472	264	569
692	469	472	794
692	794	755	789
428	747	754	749
451	749	788	793
747	692	749	428
692	795	749	428
415	576	424	423
706	705	281	272
796	797	798	792
291	289	745	288
270	169	272	281
669	169	270	281
473	163	574	136
570	393	475	175
574	475	136	50
799	800	801	786
574	194	49	163
574	49	175	50
750	13	81	12
621	597	503	600
596	506	597	503
596	684	600	597
369	478	423	381
491	740	492	104
633	85	69	84
750	13	98	81
741	323	557	740
376	645	536	462
741	196	483	225
320	464	314	318
757	273	679	761
730	483	320	463
463	320	196	483
464	463	228	227
598	657	564	384
463	483	482	227
463	482	196	315
757	342	761	434
342	339	761	434
338	339	618	342
660	413	160	144
697	620	622	787
697	203	562	777
697	777	214	203
697	622	202	787
758	20	21	75
375	373	374	536
360	108	462	109
656	802	803	383
604	735	241	481
476	477	120	478
583	91	80	79
360	699	375	698
476	120	121	478
386	201	200	703
201	702	61	703
388	387	790	200
388	790	703	200
586	81	82	12
703	790	62	200
529	530	535	534
529	533	534	140
534	533	238	45
534	140	533	45
607	237	46	45
607	530	237	534
547	125	124	117
585	466	82	91
650	1	97	28
585	466	407	459
326	113	324	112
327	112	324	123
413	326	525	526
615	797	792	804
485	391	72	71
485	489	26	210
485	210	26	25
485	211	389	391
484	485	211	210
549	428	427	616
588	111	30	112
463	482	315	465
708	482	228	465
448	315	482	465
287	642	145	133
589	699	545	718
708	482	465	197
482	483	196	67
529	530	534	237
756	435	177	187
374	718	140	535
432	176	180	164
535	718	140	153
530	414	535	139
582	16	78	79
529	535	374	140
192	161	53	3
274	679	278	273
758	680	75	679
274	275	268	76
278	679	680	178
758	178	680	679
682	20	19	179
274	682	76	268
284	625	626	715
704	284	286	287
284	287	704	715
456	284	625	626
286	283	261	284
454	756	187	759
619	97	84	69
277	420	273	549
616	362	277	549
429	422	378	552
746	259	88	760
283	623	552	419
399	193	23	176
283	456	419	363
739	490	598	341
719	425	426	363
260	275	268	274
277	643	365	276
643	133	287	149
643	642	287	133
388	387	346	403
449	278	276	452
400	434	340	343
805	158	404	572
365	362	277	616
760	94	95	88
633	70	69	85
365	362	616	788
263	742	398	170
756	679	758	434
292	742	170	398
366	764	505	494
292	233	742	398
398	397	717	742
573	55	54	234
641	77	18	99
573	742	171	55
601	416	593	726
118	437	126	119
543	686	601	544
686	670	601	544
725	543	445	498
545	649	546	154
338	688	342	618
342	339	618	761
338	342	340	339
338	346	343	342
273	761	615	760
787	554	216	221
739	495	490	711
441	125	118	126
806	94	93	95
688	618	712	342
764	494	504	505
339	341	765	734
348	346	343	338
753	490	646	489
592	628	208	629
466	82	92	83
592	629	563	633
651	10	84	9
592	208	385	629
587	383	96	802
354	646	598	490
592	629	385	646
354	627	629	385
385	354	646	629
382	83	85	84
354	563	627	357
432	342	433	635
399	807	402	100
715	150	149	156
343	338	340	348
592	628	27	208
628	208	28	27
619	69	84	633
628	630	208	629
682	76	19	20
181	165	166	661
261	89	78	77
538	111	110	31
666	783	202	702
743	681	665	702
673	666	166	783
275	76	680	75
673	666	202	622
432	177	434	435
622	501	621	662
664	666	622	787
664	636	696	710
594	506	597	596
87	88	734	762
684	600	706	705
736	634	639	594
808	736	634	639
758	21	74	75
665	166	666	783
450	173	172	677
402	100	72	73
362	678	795	428
362	678	571	795
425	362	795	428
365	362	788	678
781	33	32	109
714	571	362	678
460	461	770	83
460	82	11	12
386	391	389	211
94	87	88	734
762	434	74	761
585	81	91	82
460	82	83	11
587	91	90	96
547	125	801	575
762	340	434	761
772	593	634	594
762	74	73	87
762	761	88	760
762	340	761	734
762	340	87	73
667	166	182	167
807	24	4	224
762	400	340	73
449	452	172	179
364	616	454	365
276	452	268	642
400	399	23	176
364	278	273	277
387	403	790	193
265	186	184	190
758	21	20	178
743	501	787	664
234	742	233	717
386	211	387	200
433	696	180	635
387	403	402	348
386	348	347	346
386	390	215	347
338	744	390	347
390	338	348	341
732	341	391	348
266	706	705	685
266	395	640	736
268	77	99	76
680	76	20	75
706	662	707	597
706	270	271	272
682	99	19	76
706	685	736	639
421	428	362	425
549	616	364	277
549	615	618	422
628	28	69	27
421	549	428	427
757	435	342	434
421	549	362	428
485	389	25	72
277	363	262	420
486	770	461	350
619	627	487	630
650	129	223	674
650	487	651	129
592	26	27	70
633	69	629	627
350	770	353	84
651	9	97	129
487	674	101	129
651	129	116	9
670	601	544	542
314	532	544	780
314	780	544	670
493	499	497	496
424	809	799	800
604	107	106	36
314	464	780	318
469	468	789	395
395	469	691	692
314	532	465	544
491	105	317	446
469	789	404	794
447	117	102	118
728	105	131	38
691	264	472	469
692	789	469	794
470	394	570	473
731	131	6	255
470	475	472	471
106	317	119	480
317	446	119	437
319	440	317	437
323	440	317	319
317	119	446	105
317	480	319	437
491	446	104	105
556	446	103	104
437	440	446	436
439	438	440	769
762	88	734	760
671	479	579	319
440	322	321	769
313	577	322	319
440	322	323	321
478	127	121	122
727	313	577	322
313	314	542	671
440	323	317	446
577	775	319	581
678	676	572	472
675	450	678	134
714	643	362	715
660	112	29	130
714	150	572	134
443	620	695	444
621	620	697	695
160	29	2	130
695	560	559	199
342	340	339	434
432	433	180	635
621	600	443	611
707	288	289	290
263	170	171	742
753	341	490	489
524	525	526	413
586	12	114	113
598	563	384	564
784	507	778	786
356	598	384	657
739	354	598	490
739	494	354	495
366	764	599	345
354	553	495	306
587	96	383	92
354	356	366	598
809	126	127	125
359	335	351	361
399	807	387	402
657	345	356	599
750	98	13	130
421	425	362	363
428	747	755	773
277	643	287	284
421	549	422	420
486	116	115	770
628	69	28	97
640	692	749	747
569	691	749	265
370	521	522	372
735	242	645	35
778	299	713	510
692	428	755	795
327	112	123	111
393	569	475	175
732	341	733	391
361	349	311	547
310	303	102	447
369	371	721	372
447	101	782	102
125	547	118	117
547	118	117	447
447	117	349	101
457	448	213	445
613	230	559	560
559	65	64	230
732	340	87	734
482	227	67	228
302	555	630	204
585	586	82	459
559	65	199	64
695	560	199	777
548	114	115	124
557	207	206	212
291	231	613	230
651	350	84	770
491	741	131	492
727	322	775	438
506	493	659	505
612	198	695	559
487	116	129	101
596	443	543	503
439	556	103	312
613	559	230	229
708	66	65	229
489	210	209	26
661	665	664	696
708	66	198	65
465	544	614	612
436	118	103	119
728	131	741	731
709	681	743	347
442	465	612	544
442	213	444	197
525	130	2	98
444	620	214	213
442	445	316	543
314	465	315	316
460	466	83	82
708	228	67	66
708	229	228	66
750	130	13	113
458	407	466	459
406	407	459	328
406	461	548	459
461	351	353	358
448	457	316	445
660	588	144	30
728	605	729	105
582	455	625	631
623	296	298	300
285	78	79	582
283	419	456	623
770	83	84	10
283	286	455	625
456	719	284	626
719	362	363	284
770	116	115	10
646	26	489	209
456	284	719	363
625	704	624	626
486	101	117	116
359	333	345	657
643	284	362	715
355	305	354	356
34	256	132	5
553	209	489	210
553	490	495	219
741	225	483	731
730	483	227	255
517	810	811	812
805	813	814	815
529	534	533	238
816	220	457	308
492	225	39	207
502	638	710	712
339	760	761	734
805	572	404	794
757	342	618	761
645	108	34	132
758	680	20	75
176	400	22	23
434	400	340	762
757	679	434	761
781	33	109	132
538	110	32	31
573	54	257	234
676	475	50	135
607	138	412	414
394	257	467	235
528	147	148	296
394	470	469	467
653	514	811	722
263	392	568	265
573	742	55	234
143	537	294	155
531	242	249	238
742	234	394	397
565	394	467	235
537	539	541	512
648	512	546	785
326	113	112	130
510	512	648	785
299	300	512	511
337	330	328	784
294	751	413	293
293	332	294	296
293	751	413	332
728	255	38	131
289	707	663	667
706	662	663	707
292	669	232	281
487	630	650	619
292	169	669	281
217	306	222	219
661	662	667	663
446	104	119	103
491	131	105	104
669	279	291	231
168	169	270	669
723	58	168	57
723	291	669	168
566	530	408	567
556	104	103	40
275	77	76	89
285	90	79	78
285	78	89	90
394	468	264	397
591	123	122	111
468	395	264	396
540	155	144	143
632	802	96	95
538	541	588	143
397	565	394	468
468	748	396	430
586	750	81	12
413	144	148	160
587	632	96	90
584	91	79	90
567	468	789	410
567	779	515	530
609	614	686	544
496	497	308	816
609	544	686	543
621	443	600	503
730	227	464	239
580	606	603	481
405	412	152	791
162	33	132	5
591	110	111	122
574	49	50	136
612	444	695	198
405	138	409	137
448	197	442	465
482	227	483	67
574	175	475	50
473	163	136	137
465	228	244	532
544	609	614	612
410	791	412	404
567	779	519	515
194	49	163	7
574	49	136	163
567	652	515	653
467	257	48	235
565	236	566	247
607	414	412	530
607	237	566	236
412	410	405	408
565	235	409	236
471	135	472	572
691	472	569	676
469	410	404	789
353	633	384	357
48	257	163	7
382	353	384	358
382	353	85	384
676	475	135	472
350	770	461	353
406	548	401	459
401	114	548	124
752	99	18	3
704	149	146	156
266	706	271	272
458	83	460	466
733	391	489	71
732	402	348	391
714	362	365	678
703	386	201	681
569	186	174	184
260	276	278	274
704	145	146	149
340	761	734	339
732	72	391	71
270	183	169	182
338	339	689	618
342	433	693	346
490	341	744	489
471	404	411	151
474	136	151	137
561	673	724	167
291	560	288	562
405	151	138	137
288	724	562	673
558	723	258	195
558	724	723	195
562	777	203	199
791	152	158	159
153	154	649	545
589	109	699	781
558	562	199	560
735	107	35	108
735	242	241	373
813	158	157	159
463	228	482	465
730	239	464	318
464	532	780	243
464	532	243	228
158	152	404	151
572	135	150	158
464	318	239	243
565	394	235	234
409	235	467	137
643	284	715	287
397	717	247	430
717	742	233	398
742	397	717	234
424	800	578	775
397	717	396	398
326	332	331	526
263	394	742	171
263	170	398	568
540	413	148	294
524	527	15	148
809	477	437	775
330	575	128	124
583	587	91	584
660	130	160	525
585	583	332	297
584	528	297	296
623	631	584	296
455	584	79	90
424	578	800	817
698	122	121	110
570	171	175	194
471	475	135	136
524	80	527	528
527	147	15	148
732	341	348	340
753	70	563	86
646	489	26	70
750	331	81	526
390	489	391	485
485	71	489	391
485	489	71	26
292	742	233	55
551	755	805	814
527	79	80	15
585	683	587	297
292	742	55	170
292	56	55	233
524	14	148	15
527	147	582	16
325	332	585	331
460	12	11	114
460	461	548	115
526	98	80	81
406	401	328	459
676	475	472	569
406	358	333	351
458	406	358	407
460	770	115	10
333	329	407	328
710	712	638	636
263	398	742	397
568	184	170	183
683	329	407	668
137	235	47	409
531	237	238	249
683	587	668	407
413	148	294	528
524	413	148	160
326	526	413	332
660	413	326	525
413	751	540	144
660	413	525	160
266	280	705	272
559	558	230	64
468	395	396	748
692	395	469	789
266	265	395	264
282	145	146	704
274	276	268	260
283	456	625	623
538	142	589	590
419	363	456	426
283	363	420	262
407	383	668	656
382	92	85	83
462	108	132	109
261	286	284	287
285	259	632	90
455	584	631	79
261	89	285	78
392	171	184	175
180	635	188	187
275	89	76	75
541	537	538	539
537	154	546	295
573	194	473	257
580	722	672	514
369	381	423	521
574	49	194	175
259	632	95	804
732	72	87	73
492	39	104	40
537	154	142	545
603	671	672	780
732	71	87	72
407	587	383	466
500	639	662	638
370	520	648	649
539	545	379	649
621	707	597	600
703	165	62	164
706	289	707	663
723	669	57	168
489	71	26	70
561	59	167	195
291	613	560	230
561	60	167	59
281	669	279	291
745	288	673	724
8	59	226	195
290	279	281	705
621	600	290	707
270	289	663	182
723	57	669	231
400	73	74	22
681	164	165	703
23	400	22	73
682	680	20	179
641	99	268	77
275	75	746	89
75	680	275	679
261	77	275	89
453	452	776	172
818	188	191	190
643	149	287	715
260	262	259	273
482	197	67	196
449	450	173	172
260	273	274	278
261	285	89	259
276	268	260	269
277	643	362	365
680	20	179	178
762	88	74	87
630	208	204	223
339	760	765	615
776	452	192	172
694	637	774	505
427	819	637	617
338	690	744	347
279	613	245	610
388	703	790	164
690	711	689	744
618	615	766	422
359	366	356	345
523	578	576	658
764	694	618	766
339	761	760	615
549	618	427	422
536	645	647	462
676	50	174	51
645	462	132	647
376	645	242	536
682	99	192	19
287	149	133	145
645	462	108	132
645	35	34	108
758	74	21	22
451	186	185	173
641	161	18	145
187	454	191	185
645	34	35	242
196	320	557	741
131	741	225	492
732	391	72	402
655	188	190	189
439	769	440	321
661	182	166	181
407	668	383	587
586	331	114	459
320	196	315	463
728	239	605	37
796	345	656	657
313	320	323	321
307	769	309	438
307	309	769	308
321	313	542	769
728	239	255	730
754	640	654	793
439	438	769	307
182	663	189	181
769	725	321	457
727	309	368	768
647	374	718	140
189	183	663	182
698	590	701	110
585	466	91	587
589	590	142	545
529	237	238	531
756	758	177	434
153	649	159	152
370	520	371	372
718	647	140	141
718	649	545	153
718	545	649	379
392	171	170	184
718	153	545	142
675	134	135	51
145	269	287	267
756	187	178	185
624	147	146	582
261	285	286	78
282	287	267	145
746	75	74	88
746	75	88	89
287	704	149	145
399	400	73	343
704	715	149	156
277	262	363	284
293	512	294	541
403	346	348	387
275	89	746	259
473	467	394	257
660	588	112	751
660	112	588	30
470	570	393	475
470	393	394	264
537	294	295	512
573	171	194	54
332	751	327	293
327	591	123	330
599	797	766	765
444	620	695	214
666	743	202	787
359	335	368	336
702	743	666	665
466	587	92	91
665	166	783	61
783	702	61	202
666	622	673	667
702	666	743	202
159	153	154	649
154	545	537	546
375	718	374	379
699	590	545	379
820	712	821	638
539	379	545	590
280	246	233	717
247	717	246	430
430	717	246	716
717	430	396	716
353	358	382	461
486	548	461	115
406	548	461	351
651	9	116	10
770	353	382	461
471	135	151	136
511	426	822	551
651	10	770	84
676	135	675	572
460	115	11	10
793	186	190	191
460	83	10	11
414	779	371	649
675	174	173	51
265	271	190	183
791	414	152	649
572	135	134	150
565	467	408	409
165	696	661	181
530	529	535	371
815	519	791	520
535	414	649	153
820	637	638	634
665	61	165	166
649	414	152	153
561	673	60	203
412	152	138	405
607	138	414	139
723	57	231	58
558	561	226	562
408	411	409	467
291	168	745	289
258	195	58	8
723	58	231	258
562	288	697	560
597	706	684	600
258	558	230	291
708	67	197	66
414	138	152	139
723	195	58	258
342	618	712	617
743	347	215	488
742	234	233	55
681	165	702	703
664	743	666	787
432	342	434	343
554	709	711	501
488	709	347	711
503	620	501	621
347	388	681	386
604	606	240	605
405	151	152	138
729	317	605	606
466	92	458	83
493	554	711	501
580	671	603	606
642	269	287	145
620	445	221	213
486	548	547	351
165	703	62	61
664	681	665	743
292	56	57	169
401	324	328	459
458	406	459	461
553	219	217	209
783	673	203	60
486	116	117	115
304	218	205	217
548	547	124	117
401	324	123	330
307	205	218	206
137	411	467	409
381	477	478	423
790	63	193	164
449	453	365	450
403	346	432	343
403	176	164	193
48	137	235	47
277	643	284	362
565	567	468	430
565	409	235	467
607	46	47	138
484	485	210	489
348	340	343	402
743	201	216	215
432	180	433	164
387	224	200	211
807	224	4	193
399	100	193	807
607	46	236	47
100	4	23	193
730	483	255	731
463	228	227	482
741	730	729	728
453	452	276	642
730	320	483	741
389	211	25	24
714	149	643	715
682	179	19	192
483	68	731	225
483	731	68	255
483	67	68	196
745	182	167	667
288	560	621	697
261	275	259	89
593	659	720	505
492	131	104	39
667	673	666	166
762	761	760	734
261	267	268	77
549	618	757	617
757	273	761	618
339	618	761	615
371	529	535	374
693	346	338	342
676	475	569	174
676	50	475	174
675	678	572	134
749	788	754	428
678	428	788	749
517	513	514	515
661	696	636	181
352	351	349	361
347	693	709	433
433	693	635	342
665	696	433	710
376	462	108	645
696	180	635	181
536	647	533	374
816	220	222	221
536	376	375	373
536	374	375	647
698	478	360	121
369	381	360	478
302	217	205	204
627	487	555	349
781	462	132	109
496	499	816	222
304	217	222	218
708	228	482	67
644	256	536	533
738	716	810	823
399	402	403	343
432	180	435	635
338	348	341	340
399	343	73	402
432	400	343	434
312	40	103	41
436	103	439	440
674	487	630	650
758	177	22	21
400	22	177	176
432	400	176	343
387	807	389	402
386	211	200	215
348	403	402	343
385	209	217	208
627	69	629	628
753	646	563	70
389	72	100	24
432	635	435	342
592	385	209	646
592	70	633	563
73	399	23	400
350	627	349	487
561	195	226	59
807	193	387	224
790	63	164	62
745	289	182	667
783	673	202	203
745	168	167	182
562	203	226	199
697	202	203	214
790	200	63	62
663	271	183	189
790	224	63	200
313	321	322	769
490	744	711	488
291	231	230	258
225	39	6	131
535	140	139	153
415	579	577	416
479	319	480	437
479	477	437	480
671	580	672	579
580	418	521	514
476	604	106	479
479	381	581	477
244	610	252	245
653	248	254	253
596	609	600	687
457	218	220	212
307	206	218	212
313	729	317	323
714	133	453	643
464	243	227	228
753	86	71	70
316	725	543	445
714	362	643	365
714	678	450	134
449	452	453	172
449	185	451	454
436	102	103	118
677	53	133	52
677	172	53	52
51	52	675	134
675	51	173	52
542	544	670	314
436	439	103	312
312	41	205	206
473	467	474	471
736	395	747	685
708	197	198	66
473	137	474	467
474	136	471	151
474	471	411	151
411	470	471	467
360	478	698	375
620	214	213	221
695	198	214	199
492	225	131	39
556	206	207	40
619	353	633	84
592	633	69	629
575	128	124	125
563	633	85	70
85	563	86	384
633	384	357	563
353	633	85	384
790	63	224	193
719	571	425	362
451	186	793	454
743	216	201	202
384	93	86	85
703	201	200	62
666	622	787	202
702	201	61	202
451	749	793	569
428	616	788	754
449	173	451	185
749	754	788	793
369	478	380	423
616	793	454	788
647	533	140	162
534	237	45	238
644	256	44	5
781	162	141	33
534	140	45	139
645	242	256	34
589	141	32	781
645	132	34	256
533	44	256	238
699	141	781	647
644	647	162	533
647	374	140	533
374	515	371	529
289	182	667	663
728	255	131	731
533	45	44	238
6	38	255	131
533	162	44	140
728	730	731	741
644	536	256	645
529	374	536	533
303	305	311	304
557	457	321	315
483	227	255	68
557	315	196	212
439	307	557	206
557	196	207	212
369	370	521	423
700	128	127	122
727	767	726	768
698	379	539	590
648	785	546	520
541	590	591	701
512	511	546	785
512	295	546	511
731	131	741	225
439	740	556	557
313	319	579	577
257	194	163	7
54	194	257	7
317	479	480	106
440	322	438	437
307	457	769	557
741	196	225	207
313	315	321	316
539	545	142	590
532	544	614	465
708	67	482	197
369	371	374	721
580	521	721	514
321	315	457	316
716	246	253	252
284	704	625	715
697	695	620	214
780	251	250	243
282	641	145	267
287	704	715	149
672	254	250	251
246	430	253	247
414	153	139	152
779	530	412	414
286	582	625	146
282	78	582	17
18	17	641	145
282	77	78	17
282	17	641	77
313	542	769	727
573	171	54	55
717	233	247	246
570	473	573	194
780	244	243	532
251	780	244	243
542	769	727	725
532	614	780	244
596	595	686	687
286	625	704	146
810	737	812	824
534	535	140	139
260	275	273	259
519	516	755	789
271	190	183	189
607	534	237	45
274	682	268	452
752	192	776	682
277	421	420	549
823	252	253	251
604	735	35	241
516	789	748	395
566	247	236	248
390	489	490	744
604	241	36	240
753	598	341	564
515	722	531	373
644	645	132	647
366	494	659	367
739	495	711	494
698	121	360	109
565	247	235	236
689	618	339	765
765	739	599	341
390	744	341	489
732	734	733	341
732	73	87	340
399	23	100	73
394	257	235	234
607	409	47	236
402	100	389	72
406	335	333	334
325	328	299	337
299	328	329	784
334	508	329	784
558	199	226	64
612	229	244	228
401	575	328	330
559	229	65	230
401	575	330	124
730	227	463	464
723	291	231	669
699	781	109	462
413	540	148	144
481	602	373	241
443	503	620	445
448	482	315	196
558	230	64	258
613	245	229	230
613	230	231	245
537	538	143	541
558	723	291	258
683	325	298	297
665	681	710	433
605	240	37	239
783	61	60	202
605	105	37	106
105	106	317	119
603	602	250	672
783	61	166	60
709	347	743	488
728	729	605	239
703	702	61	165
61	703	62	201
397	717	430	396
290	706	705	281
270	169	168	182
573	171	742	394
468	397	430	396
292	272	281	398
691	395	265	264
266	685	395	736
263	397	264	396
568	292	398	272
279	245	231	232
748	824	810	517
604	240	36	37
580	418	514	672
789	748	395	468
396	738	705	716
468	264	397	396
469	471	404	411
471	472	404	572
469	404	410	411
470	475	471	473
470	469	411	471
471	135	475	472
473	474	136	471
742	55	170	171
697	622	673	202
565	234	235	247
573	194	257	54
288	622	667	673
697	695	214	777
288	697	673	562
697	673	203	202
695	777	199	214
562	777	199	560
558	561	724	195
465	463	464	314
695	559	198	199
447	311	303	349
302	303	555	782
782	204	674	555
469	472	794	404
585	466	459	82
538	541	111	588
750	525	98	130
564	93	94	86
302	782	204	205
312	205	41	42
390	391	211	485
312	102	42	41
325	331	585	328
540	294	751	413
333	656	358	407
733	87	71	86
325	585	297	683
459	407	585	328
466	92	587	383
784	778	700	825
336	507	344	334
378	668	656	329
607	566	237	530
407	656	668	329
531	373	722	249
303	782	349	555
312	782	205	42
484	219	210	215
758	178	177	21
741	225	492	207
447	311	547	441
438	441	775	771
727	438	771	311
513	755	519	516
808	821	654	655
371	649	779	520
513	755	516	773
513	519	517	516
756	177	178	187
302	217	204	208
312	303	782	102
674	129	223	43
567	410	789	519
519	791	520	779
520	513	815	519
519	789	755	794
779	410	791	412
560	558	230	559
628	28	208	223
373	249	242	241
697	562	203	673
825	125	127	128
652	248	237	249
447	782	101	349
447	349	117	547
304	217	306	222
782	349	555	101
447	118	441	547
440	103	556	446
672	780	670	826
718	153	142	141
683	407	585	587
368	305	309	311
448	442	445	316
460	11	115	114
322	577	775	319
307	212	218	457
729	730	318	239
320	557	321	315
741	557	207	740
312	103	102	41
321	725	316	457
782	674	101	555
751	294	143	541
674	42	43	204
369	374	373	721
156	295	157	155
674	630	204	223
572	404	151	158
650	630	674	223
486	351	461	548
266	685	705	396
473	163	137	48
469	264	468	395
782	205	42	204
691	749	676	569
533	44	45	140
644	533	44	256
567	516	748	517
513	755	773	522
516	747	518	773
387	224	389	807
536	242	238	256
644	132	256	5
389	807	224	24
698	699	379	590
193	387	224	790
485	389	211	25
660	29	160	130
389	25	72	24
402	389	100	807
389	807	24	100
525	98	2	14
332	524	80	526
524	80	98	14
714	134	133	149
676	135	50	51
486	350	349	487
651	619	84	350
486	117	349	547
449	173	185	172
460	461	115	770
486	117	548	115
295	154	157	155
714	715	571	150
466	82	91	92
651	116	350	770
359	336	367	366
527	631	582	147
582	17	78	16
456	300	426	626
582	147	146	16
282	641	267	77
460	82	459	466
406	575	401	548
406	333	335	351
721	373	369	381
607	45	46	139
376	242	373	536
106	606	317	479
580	602	672	722
644	536	645	647
781	162	33	132
405	412	791	404
521	721	514	372
369	721	381	521
652	515	722	531
718	140	153	141
313	671	319	318
580	479	671	606
675	572	678	676
569	175	184	174
571	150	157	158
451	676	569	174
558	226	195	8
313	579	671	542
415	577	581	424
63	4	224	193
542	670	601	416
469	411	468	467
677	172	52	173
565	247	430	397
642	161	145	133
392	568	265	184
567	789	468	748
392	184	265	569
677	52	133	134
572	135	158	151
266	280	398	396
467	48	137	235
264	470	469	394
469	468	411	410
570	175	475	574
570	194	175	574
561	59	226	203
397	247	717	234
470	264	469	472
723	168	58	195
652	531	249	237
411	467	408	468
531	242	373	249
703	790	164	62
464	465	532	228
536	374	531	373
693	712	710	635
515	373	531	374
782	674	204	42
223	1	43	129
652	249	722	248
534	529	237	238
782	101	674	42
603	243	780	250
769	321	725	542
729	240	605	239
464	780	318	243
317	605	606	106
608	229	244	612
556	440	740	439
604	735	107	35
728	38	255	239
614	252	251	244
722	249	254	248
486	350	116	770
563	627	629	354
657	384	356	358
376	373	735	481
360	107	108	121
604	107	36	35
809	477	127	126
69	619	627	633
357	563	627	633
455	623	584	632
261	282	287	267
361	547	335	351
625	704	626	715
295	624	156	626
559	199	65	198
263	264	397	394
292	55	56	170
717	234	247	233
527	79	15	16
527	147	16	15
389	224	211	24
582	17	16	146
587	96	92	91
383	96	93	92
282	17	582	146
469	394	468	264
541	751	588	143
668	632	552	802
324	123	113	114
674	101	129	43
447	117	101	102
409	137	138	47
405	411	404	151
674	43	42	101
524	332	528	413
583	80	81	526
650	97	1	129
528	524	80	332
524	332	413	526
148	296	294	528
294	155	295	296
337	713	327	330
454	186	191	185
776	133	677	53
541	590	701	539
682	752	99	268
456	419	426	300
776	53	192	161
682	452	642	268
623	298	587	668
437	480	120	119
776	172	192	53
752	641	161	18
120	437	126	477
317	480	437	119
581	437	477	775
376	645	735	242
317	105	605	106
479	477	480	120
402	72	389	391
386	211	389	387
390	215	347	488
282	145	17	146
485	389	72	391
390	215	484	211
485	25	211	210
567	515	517	653
515	721	373	374
607	408	138	409
515	722	721	514
535	718	153	649
818	793	191	454
369	374	379	375
275	77	268	76
567	410	779	412
355	555	627	630
449	185	179	172
452	179	192	172
752	192	99	3
776	161	133	53
352	357	353	358
487	630	555	674
301	354	553	385
385	630	629	208
487	555	349	101
628	630	223	208
783	673	60	166
399	100	23	193
386	391	348	389
806	95	803	804
743	554	488	216
488	219	215	216
484	211	215	210
343	402	340	73
386	390	348	391
485	26	71	25
347	338	348	390
485	25	71	72
341	744	390	338
807	24	100	4
807	100	193	4
64	199	559	558
611	559	695	560
474	411	137	151
811	254	251	253
249	722	254	250
405	410	404	411
827	812	826	737
519	755	815	794
516	518	748	517
794	692	795	472
602	250	249	241
672	811	722	254
470	472	475	569
476	107	121	120
522	755	551	814
789	791	794	519
408	411	468	410
603	240	606	318
614	251	780	244
567	748	516	789
326	751	332	413
524	528	148	413
80	332	583	528
525	130	160	2
588	144	30	143
682	752	192	99
453	776	642	133
524	80	526	98
525	160	14	2
183	272	169	568
292	232	56	233
495	216	222	219
554	222	216	221
70	563	86	85
635	188	181	180
753	564	733	86
87	734	94	86
313	322	727	769
406	547	335	575
787	216	202	221
661	667	666	166
636	189	181	188
487	555	101	674
782	102	101	42
759	188	187	191
259	760	420	804
787	499	221	620
435	177	187	180
787	221	202	214
554	495	488	216
664	710	709	502
445	220	221	213
308	220	218	222
259	760	804	95
471	404	151	572
259	90	89	95
278	273	277	260
571	551	426	425
626	150	156	157
624	147	155	156
632	90	95	96
571	805	158	157
426	425	551	429
583	91	81	80
407	656	358	383
548	124	115	117
420	422	552	792
704	626	715	156
631	528	296	147
546	157	154	159
724	195	167	168
566	653	430	248
676	472	135	572
274	276	452	268
472	795	794	572
537	539	512	546
653	811	253	254
566	236	237	248
405	152	404	791
748	517	518	824
395	518	516	747
672	811	251	826
546	813	157	159
279	245	232	246
520	815	813	791
685	748	738	396
603	240	250	241
478	127	120	121
119	437	126	120
553	209	210	219
300	626	511	426
614	252	823	251
448	213	197	212
828	654	736	808
772	763	595	518
802	96	95	93
803	93	384	383
85	384	93	92
359	355	305	361
432	177	180	176
586	750	12	113
544	780	614	670
366	599	764	739
757	342	617	618
660	144	160	29
318	239	243	240
593	774	505	720
453	776	133	677
808	655	638	821
512	300	295	511
444	198	213	214
608	229	245	244
612	465	244	614
686	670	614	826
532	228	244	243
686	595	737	687
772	773	518	747
743	201	702	202
541	751	327	588
537	142	154	143
537	143	154	155
330	128	122	123
330	128	123	124
825	799	127	801
330	825	700	128
522	509	510	785
827	737	595	824
572	795	794	805
698	109	110	121
441	547	801	335
620	499	221	445
730	227	239	255
480	120	119	106
603	243	250	240
672	418	514	811
699	360	462	109
825	127	700	128
513	519	755	815
578	576	658	507
580	602	603	672
550	522	551	785
694	774	427	431
694	505	774	720
353	357	384	358
618	615	765	766
286	582	455	625
587	96	632	802
265	654	190	271
764	377	766	345
760	734	94	88
564	86	384	93
739	599	341	598
564	599	806	803
753	733	71	86
816	220	445	457
732	402	340	348
473	163	48	257
290	705	706	600
803	93	802	95
429	508	550	509
328	575	334	784
504	505	688	764
803	804	95	802
818	617	829	616
362	363	425	719
365	616	454	788
796	599	766	345
783	673	666	202
433	635	693	710
673	60	166	167
783	202	60	203
636	663	189	655
663	655	271	189
538	111	541	591
547	335	575	801
337	327	713	512
441	437	126	118
624	296	295	155
727	726	725	768
309	308	768	725
377	505	659	345
294	528	296	332
784	778	825	786
436	312	102	310
498	816	499	445
345	505	764	377
523	720	659	658
380	700	778	423
546	154	649	159
653	722	254	248
810	811	253	653
816	222	220	308
314	671	318	780
810	811	812	826
672	418	811	826
672	602	250	722
513	521	417	514
478	799	127	700
624	156	704	146
545	154	142	153
779	520	519	372
462	360	699	375
754	818	793	654
818	821	188	190
655	271	189	190
706	639	662	597
661	663	667	182
291	168	289	669
266	271	736	640
741	196	207	557
476	120	106	107
614	823	826	251
314	780	670	671
810	826	823	253
610	608	244	614
290	291	613	560
716	246	252	610
396	430	748	716
749	795	678	428
828	654	808	829
821	188	190	655
451	186	173	174
362	678	428	788
282	146	286	704
714	453	133	677
706	662	639	663
688	502	693	712
635	636	188	821
612	444	198	708
270	271	183	663
290	613	610	611
748	430	810	716
745	167	673	667
608	613	611	610
290	279	613	291
705	687	610	716
501	709	743	554
729	606	240	318
293	295	294	512
429	668	378	329
490	598	341	753
440	740	323	446
319	437	581	775
809	477	126	437
320	463	315	314
441	125	809	801
444	198	197	213
603	671	580	672
368	336	335	771
828	736	640	747
299	507	778	784
639	271	663	655
265	654	271	640
808	639	634	638
820	712	638	637
515	721	722	373
428	425	755	795
469	468	410	789
307	218	308	457
445	457	220	213
498	726	497	725
442	445	444	213
614	465	244	532
686	737	826	823
308	220	457	218
827	595	737	686
421	427	425	431
515	722	514	653
415	576	578	424
571	425	362	795
513	515	517	519
652	248	722	653
803	93	383	802
632	95	804	802
797	806	803	804
803	798	804	802
358	383	656	657
668	798	656	802
668	552	798	802
277	421	363	420
830	817	507	786
768	497	725	308
333	656	407	329
521	417	415	523
799	786	817	800
301	555	302	303
827	826	686	737
672	250	780	251
369	370	372	521
250	722	254	672
614	780	251	826
816	725	308	457
463	482	483	196
314	532	780	464
491	446	740	104
727	775	771	438
550	773	720	431
513	516	518	773
557	457	315	212
760	94	806	95
739	744	711	490
451	788	365	454
682	680	76	20
757	616	617	759
762	87	340	734
636	655	189	188
636	188	821	655
759	821	617	712
808	821	829	654
828	820	829	808
635	759	712	821
638	636	821	655
654	821	190	655
181	663	189	636
662	636	639	663
187	635	188	759
456	626	426	719
273	262	259	420
635	712	636	821
362	715	284	719
818	616	793	454
84	353	382	770
362	428	616	788
259	632	90	95
818	617	821	829
820	617	637	819
760	734	806	94
733	341	734	564
371	372	515	721
827	416	686	670
830	800	786	801
825	127	799	700
424	799	817	800
478	423	477	799
299	508	507	784
825	786	799	801
344	508	658	377
668	383	802	656
825	575	125	128
810	826	253	811
517	811	810	653
827	737	824	812
316	445	457	725
767	523	659	658
458	466	383	92
601	542	416	726
418	812	514	811
767	659	336	658
504	493	711	502
711	488	554	495
816	221	445	220
503	620	445	499
554	499	222	221
791	404	158	152
273	259	760	420
571	150	626	157
539	698	701	380
416	595	763	417
828	820	808	634
425	551	429	431
522	814	815	755
403	193	164	790
691	692	472	749
746	758	761	74
427	819	774	637
653	722	811	254
517	812	811	514
811	826	253	251
810	737	826	812
301	306	217	553
451	676	749	569
738	824	737	810
788	754	616	793
828	754	640	654
519	410	789	791
654	640	736	271
818	190	191	793
828	640	736	654
417	517	812	824
795	551	425	755
617	819	829	616
747	774	819	634
748	810	653	517
685	594	747	736
515	721	372	514
738	595	737	824
675	678	451	676
451	186	569	793
470	264	472	569
793	191	454	186
265	654	793	190
818	654	821	190
818	654	829	821
552	802	804	798
427	428	819	616
631	296	624	147
426	363	456	719
726	593	506	659
830	786	800	817
659	345	366	336
650	97	628	28
816	457	445	725
662	667	707	622
339	760	734	765
502	710	693	712
622	620	501	787
338	744	689	341
342	712	759	617
433	165	180	696
820	617	829	821
796	656	345	378
564	733	86	734
460	114	115	548
383	96	802	93
496	497	816	499
498	726	506	497
498	499	503	445
494	496	367	495
727	368	771	767
477	480	120	437
511	426	626	822
578	817	576	507
401	124	330	123
329	656	378	345
830	817	800	578
692	747	516	755
716	823	610	252
772	774	593	720
598	599	341	564
395	518	748	516
772	773	747	774
430	248	653	253
791	813	805	815
571	719	426	626
511	299	300	429
546	822	157	813
406	334	333	328
520	814	546	813
520	815	522	814
652	249	531	722
614	670	780	826
418	812	811	826
603	250	780	672
830	507	334	786
628	619	627	69
490	495	488	711
753	563	564	86
383	382	92	384
384	633	85	563
486	101	349	117
352	627	353	357
592	26	209	27
288	697	622	673
334	786	825	801
830	771	335	336
304	308	305	309
809	127	799	801
441	809	437	775
778	700	825	799
354	598	646	563
334	335	801	575
310	447	118	441
441	809	125	126
406	575	548	547
553	646	489	209
358	657	384	383
354	367	305	306
336	578	658	507
299	510	778	509
377	378	766	345
377	659	720	658
797	798	792	804
284	626	719	715
796	599	803	797
508	509	507	658
441	547	125	801
441	547	118	125
361	351	349	547
547	125	575	124
548	124	547	575
429	552	298	419
458	407	358	383
324	123	112	113
713	330	784	700
333	508	329	334
830	335	771	801
513	773	518	763
567	468	430	748
779	791	520	649
520	813	815	814
815	519	794	791
430	810	253	653
417	415	523	416
577	775	581	424
672	722	811	514
581	775	477	424
716	687	610	823
823	826	251	253
716	253	810	823
810	823	826	737
544	532	614	780
687	614	610	823
808	655	654	736
265	654	640	793
654	736	655	271
344	336	345	659
542	725	727	726
377	659	505	720
494	726	768	497
496	367	306	308
816	499	221	222
496	222	816	308
816	221	499	445
498	816	445	725
816	725	497	308
299	508	784	329
509	576	778	507
778	799	786	817
735	108	360	107
778	786	507	817
809	799	800	801
571	426	822	626
259	420	632	804
796	345	766	378
796	792	798	378
552	792	798	804
342	759	635	435
502	690	711	688
615	806	760	765
348	402	389	391
759	821	818	617
517	810	812	824
738	737	823	810
796	657	656	803
796	797	792	766
657	383	803	384
406	575	335	334
656	803	802	798
689	688	504	711
623	298	419	300
564	806	734	94
760	806	734	765
564	806	93	803
774	634	505	637
500	593	634	505
772	593	595	763
562	558	724	291
544	670	614	686
774	593	634	772
639	655	663	636
638	712	821	636
685	518	395	747
429	508	329	377
520	785	814	522
513	521	523	417
571	822	157	626
417	418	812	514
478	700	127	122
684	687	600	705
396	738	716	748
649	414	535	371
478	423	799	700
451	186	174	569
678	795	472	572
265	793	186	190
451	749	676	678
568	265	183	271
266	271	640	265
626	150	715	156
624	156	146	147
794	815	805	755
571	150	715	626
571	805	572	158
541	512	539	713
273	618	615	761
571	551	822	426
805	813	158	157
496	306	222	308
744	490	390	488
564	599	765	806
494	659	367	768
290	706	289	707
444	445	620	213
705	716	738	687
697	620	787	214
448	212	315	457
444	695	198	214
805	755	815	814
513	372	520	522
571	719	425	426
791	410	789	404
515	653	514	517
502	662	664	638
710	636	635	712
502	493	711	501
493	711	554	495
494	496	497	768
502	712	637	638
554	222	495	216
493	499	501	503
542	544	314	316
463	315	314	465
609	687	686	614
596	443	600	609
543	503	498	506
614	823	252	610
546	813	814	822
295	822	626	157
713	700	784	778
304	218	222	308
219	306	222	495
305	308	306	367
304	306	308	222
205	304	301	303
553	489	646	490
659	726	768	494
307	769	457	308
694	431	720	774
344	345	377	659
764	689	765	618
820	819	637	634
505	774	593	634
694	377	422	766
692	516	789	755
265	691	749	640
749	793	640	754
685	705	396	738
475	175	174	50
565	566	430	247
471	135	572	151
691	569	264	265
565	394	234	397
356	357	384	563
599	806	797	765
760	806	804	95
806	803	95	93
686	687	737	823
686	416	595	601
596	600	684	687
279	245	613	231
706	639	271	663
706	270	663	271
609	610	687	614
596	609	686	543
738	518	595	824
500	594	593	506
279	232	280	246
794	815	791	805
571	822	551	805
678	795	572	571
684	706	639	685
513	755	522	815
417	518	517	824
517	653	514	811
692	472	749	795
404	791	794	789
684	685	518	738
706	639	736	271
639	736	271	655
808	821	820	829
647	141	162	140
326	327	112	324
344	377	345	378
501	499	620	503
787	499	554	221
501	499	787	620
500	501	662	597
787	620	221	214
493	498	506	497
493	501	500	506
498	499	816	497
521	418	417	514
658	523	720	550
601	593	506	726
772	773	720	763
595	417	824	518
687	595	738	684
409	236	235	47
280	281	272	398
716	430	253	246
716	823	252	253
662	664	622	501
549	273	757	618
752	642	641	268
615	766	422	792
422	377	378	766
597	503	506	501
552	378	798	792
456	300	626	296
478	477	127	799
423	576	424	817
424	799	809	477
478	380	698	369
603	318	606	671
671	780	670	672
339	765	618	615
420	804	792	552
615	797	766	792
746	760	88	761
819	774	637	634
427	617	616	819
694	422	377	431
425	755	773	428
828	754	747	640
754	616	829	819
828	819	820	634
794	791	404	805
571	805	157	822
805	822	813	157
805	813	822	814
791	805	813	158
615	797	765	766
797	803	798	804
615	804	760	806
796	599	657	803
615	797	804	806
830	335	801	334
809	127	477	799
424	809	800	775
809	801	125	127
771	441	801	335
827	686	826	670
827	417	824	595
417	812	517	514
577	578	415	523
593	659	505	506
596	503	543	506
500	637	505	634
639	597	706	684
827	417	418	812
684	706	685	705
596	543	686	601
493	506	726	497
542	670	671	314
767	523	658	578
523	593	720	763
416	595	593	763
595	417	518	763
771	801	441	809
827	812	824	417
686	687	823	614
493	506	498	503
498	503	543	445
827	826	418	670
686	614	823	826
827	418	416	670
601	498	726	506
768	497	726	725
493	659	726	506
366	494	505	659
493	505	500	504
496	306	367	495
353	85	633	84
496	308	497	768
354	356	563	357
354	306	495	367
688	618	694	637
757	342	759	617
796	797	803	798
599	803	797	806
656	657	383	803
354	495	494	367
366	345	659	505
505	493	659	494
368	768	309	367
684	738	687	705
716	253	430	810
692	516	395	789
640	736	395	747
738	737	687	823
550	658	377	720
299	429	511	509
429	377	378	422
427	428	774	819
508	550	658	377
785	814	551	822
601	670	686	416
560	621	697	695
498	816	725	497
725	601	498	726
359	657	356	358
796	599	345	657
401	324	330	328
683	587	298	668
830	817	578	507
825	575	801	125
330	825	128	575
784	825	334	786
825	125	801	127
274	682	452	179
552	802	632	804
798	378	668	656
584	587	90	632
623	587	632	668
294	155	148	540
511	546	785	822
429	298	668	329
299	429	508	329
623	587	298	584
661	696	664	636
688	693	342	712
500	637	634	638
501	787	499	554
743	216	787	554
709	681	347	433
493	711	495	494
500	634	639	638
709	743	681	664
429	298	552	668
431	550	551	429
509	576	507	658
551	755	773	425
509	511	785	550
317	319	606	318
551	805	822	814
550	763	773	522
773	425	431	551
668	798	552	378
552	422	378	792
668	632	802	587
293	298	296	300
429	419	426	425
552	420	419	422
283	632	420	552
330	128	700	122
728	105	38	37
401	124	548	575
325	324	328	330
344	345	336	333
692	640	395	747
428	616	754	819
795	551	755	805
714	572	150	571
794	572	404	472
571	795	805	551
571	795	572	805
500	634	594	639
664	501	787	622
709	711	488	554
638	639	636	655
728	239	37	38
808	655	736	639
496	222	306	495
497	493	494	726
496	554	222	495
496	367	308	768
564	734	806	765
564	93	806	94
564	384	657	803
386	388	703	200
764	765	599	766
355	385	627	354
359	351	333	358
649	791	813	159
791	813	159	158
791	404	805	158
601	593	416	595
513	522	521	372
530	652	237	531
278	680	179	178
273	420	760	615
275	746	75	679
377	505	764	694
277	421	362	363
757	342	435	759
615	797	806	765
694	422	618	766
618	637	712	617
152	649	159	791
604	606	605	106
589	141	142	32
685	518	738	748
604	106	37	36
684	518	595	738
738	716	823	687
263	266	265	568
319	671	606	318
316	313	542	321
579	416	418	670
424	809	775	477
381	477	423	424
424	578	817	576
513	417	517	514
509	550	785	522
698	699	375	379
473	574	475	136
513	417	763	518
513	417	518	517
522	785	814	551
428	425	431	773
773	431	774	720
579	672	670	418
550	773	431	551
428	747	774	819
513	773	763	522
513	372	515	519
429	511	426	300
579	580	672	418
328	330	575	784
668	383	587	802
585	526	331	332
455	623	631	584
380	423	478	700
546	295	157	822
778	576	817	507
648	520	522	785
784	700	330	825
698	122	478	121
626	295	157	156
778	825	786	799
423	799	817	424
748	738	824	518
748	824	738	810
748	810	430	653
748	738	716	810
266	706	272	705
567	517	519	516
369	372	721	521
370	576	423	510
414	412	791	152
828	819	829	820
820	617	819	829
820	617	712	637
820	712	617	821
828	736	634	808
650	619	628	97
334	825	575	801
830	771	800	801
333	345	656	329
333	345	657	656
784	825	330	575
830	334	336	335
808	638	655	639
808	820	821	638
808	820	638	634
293	300	296	295
327	591	111	123
511	551	822	785
429	377	431	550
623	632	552	668
624	296	626	295
293	325	337	327
672	780	826	251
672	418	826	670
376	108	462	360
722	602	250	249
672	811	254	251
767	659	523	726
415	577	523	416
417	513	763	523
416	726	523	593
577	775	424	578
596	506	601	593
429	550	508	377
266	280	396	705
511	510	785	512
779	649	414	791
784	334	825	575
311	441	771	335
830	771	578	800
312	307	304	310
771	775	800	809
311	441	335	547
441	809	126	437
769	725	457	308
771	801	809	800
336	345	366	359
429	550	511	509
367	659	368	768
767	771	578	336
727	769	438	309
767	726	768	659
771	775	578	800
549	428	616	362
420	615	422	792
283	259	420	632
420	804	552	632
625	704	284	286
694	427	637	618
549	615	422	420
420	615	804	760
420	804	615	792
674	630	555	204
598	599	564	657
564	803	93	384
564	599	803	657
739	490	341	744
754	818	829	616
757	759	454	616
759	818	454	616
818	654	190	793
759	188	818	821
423	778	576	817
415	581	381	424
415	579	580	581
423	424	477	799
423	700	778	799
423	799	778	817
370	520	372	522
648	520	546	649
662	639	636	638
493	501	499	554
664	662	502	501
500	688	637	502
594	747	736	634
516	755	747	773
772	634	774	747
772	763	518	773
428	774	773	431
749	678	795	472
277	616	364	365
754	818	616	793
428	774	747	773
828	754	829	819
754	818	654	829
428	754	747	819
692	795	755	794
794	795	755	805
567	748	653	517
529	374	515	531
567	748	430	653
274	680	278	679
364	273	679	757
259	88	760	95
828	747	819	634
828	736	747	634
828	754	819	747
828	754	654	829
359	361	368	335
771	441	775	809
439	321	323	557
352	359	351	361
309	367	768	308
727	769	309	725
796	656	378	798
796	792	378	766
796	656	798	803
796	766	599	797
830	336	507	578
830	507	336	334
830	334	801	786
830	578	771	336
561	724	195	167
621	290	288	707
697	202	214	787
291	745	168	724
664	636	710	638
558	724	561	562
621	290	560	288
673	167	166	667
433	665	165	696
343	346	348	403
827	812	418	826
827	417	416	418
827	686	416	595
827	416	417	595
546	649	813	159
520	546	814	785
546	157	295	154
537	295	546	512
546	785	822	814
550	431	720	377
293	337	325	299
521	523	576	522
511	429	426	551
755	773	522	551
773	522	551	550
550	773	763	720
520	546	649	813
541	537	294	143
380	510	423	778
370	371	520	649
520	649	791	813
522	513	815	520
779	791	414	412
493	554	496	495
753	563	646	598
500	688	504	505
366	764	494	739
494	496	768	367
493	499	496	554
366	764	345	505
726	493	494	659
635	759	821	188
756	435	757	434
759	818	188	191
759	454	818	191
759	818	616	617
342	712	635	759
511	550	551	785
429	552	378	668
300	295	511	626
511	295	822	626
511	546	822	295
571	719	626	715
607	237	236	46
571	425	795	551
388	681	703	164
689	711	504	494
493	504	711	494
341	765	734	564
341	599	765	564
386	390	347	348
476	479	120	477
698	369	375	478
698	122	700	478
478	127	477	120
735	242	35	241
386	388	681	703
399	387	807	193
661	662	636	664
339	340	341	734
759	435	187	635
665	696	661	165
470	393	264	569
475	569	174	175
473	194	163	257
569	265	186	184
565	408	236	409
569	186	265	793
469	404	471	472
474	137	411	467
473	475	471	136
376	462	536	375
535	379	718	649
607	46	138	139
535	718	379	374
535	414	153	139
