654	3			
1	-1	-1	-1	
2	1	-1	-1	
3	-0.714285714	-1	-1	
4	-0.428571429	-1	-1	
5	-0.142857143	-1	-1	
6	0.142857143	-1	-1	
7	0.428571429	-1	-1	
8	0.714285714	-1	-1	
9	1	1	-1	
10	1	-0.714285714	-1	
11	1	-0.428571429	-1	
12	1	-0.142857143	-1	
13	1	0.142857143	-1	
14	1	0.428571429	-1	
15	1	0.714285714	-1	
16	-1	1	-1	
17	0.714285714	1	-1	
18	0.428571429	1	-1	
19	0.142857143	1	-1	
20	-0.142857143	1	-1	
21	-0.428571429	1	-1	
22	-0.714285714	1	-1	
23	-1	0.714285714	-1	
24	-1	0.428571429	-1	
25	-1	0.142857143	-1	
26	-1	-0.142857143	-1	
27	-1	-0.428571429	-1	
28	-1	-0.714285714	-1	
29	-0.76884198	-0.578365789	-1	
30	-0.74877727	-0.293093042	-1	
31	-0.748562521	5.00E-03	-1	
32	-0.747644665	0.298081142	-1	
33	-0.767234749	0.581030376	-1	
34	-0.578248897	0.767946705	-1	
35	-0.293230749	0.749415366	-1	
36	2.78E-17	0.752564165	-1	
37	0.293624348	0.748493127	-1	
38	0.58048948	0.766874599	-1	
39	0.767946705	0.578248897	-1	
40	0.749415366	0.293230749	-1	
41	0.751406804	-3.31E-03	-1	
42	0.749945239	-0.297740369	-1	
43	0.766874599	-0.58048948	-1	
44	0.582083175	-0.769042652	-1	
45	0.298830838	-0.74979678	-1	
46	3.29E-03	-0.7515654	-1	
47	-0.293034127	-0.748766444	-1	
48	-0.581078758	-0.769998183	-1	
49	-0.466129144	-0.465906749	-1	
50	-0.497894897	-0.136896893	-1	
51	-0.498466748	0.165326695	-1	
52	-0.469010781	0.474098373	-1	
53	-0.157662796	0.507820432	-1	
54	0.142857143	0.505128331	-1	
55	0.470852992	0.46684988	-1	
56	0.505128331	0.142857143	-1	
57	0.503951888	-0.158210198	-1	
58	0.47628078	-0.476313965	-1	
59	0.163737929	-0.502954608	-1	
60	-0.142857143	-0.505128331	-1	
61	-0.212032419	-0.212207551	-1	
62	-0.244650524	5.72E-02	-1	
63	-0.2830371	0.29443196	-1	
64	-5.17E-02	0.26639036	-1	
65	0.223824192	0.224887159	-1	
66	0.262583419	-4.54E-02	-1	
67	0.288092405	-0.282227124	-1	
68	6.26E-02	-0.253483718	-1	
69	8.33E-03	8.83E-03	-1	
70	-0.80765569	-0.80765569	-1	
71	0.80765569	-0.80765569	-1	
72	0.80765569	0.80765569	-1	
73	-0.80765569	0.80765569	-1	
74	1	-1	1	
75	1	-1	-0.714285714	
76	1	-1	-0.428571429	
77	1	-1	-0.142857143	
78	1	-1	0.142857143	
79	1	-1	0.428571429	
80	1	-1	0.714285714	
81	-1	-1	1	
82	0.714285714	-1	1	
83	0.428571429	-1	1	
84	0.142857143	-1	1	
85	-0.142857143	-1	1	
86	-0.428571429	-1	1	
87	-0.714285714	-1	1	
88	-1	-1	0.714285714	
89	-1	-1	0.428571429	
90	-1	-1	0.142857143	
91	-1	-1	-0.142857143	
92	-1	-1	-0.428571429	
93	-1	-1	-0.714285714	
94	-0.76884198	-1	-0.578365789	
95	-0.74877727	-1	-0.293093042	
96	-0.748562521	-1	5.00E-03	
97	-0.747644665	-1	0.298081142	
98	-0.767234749	-1	0.581030376	
99	-0.578248897	-1	0.767946705	
100	-0.293230749	-1	0.749415366	
101	2.78E-17	-1	0.752564165	
102	0.293624348	-1	0.748493127	
103	0.58048948	-1	0.766874599	
104	0.767946705	-1	0.578248897	
105	0.749415366	-1	0.293230749	
106	0.751406804	-1	-3.31E-03	
107	0.749945239	-1	-0.297740369	
108	0.766874599	-1	-0.58048948	
109	0.582083175	-1	-0.769042652	
110	0.298830838	-1	-0.74979678	
111	3.29E-03	-1	-0.7515654	
112	-0.293034127	-1	-0.748766444	
113	-0.581078758	-1	-0.769998183	
114	-0.466129144	-1	-0.465906749	
115	-0.497894897	-1	-0.136896893	
116	-0.498466748	-1	0.165326695	
117	-0.469010781	-1	0.474098373	
118	-0.157662796	-1	0.507820432	
119	0.142857143	-1	0.505128331	
120	0.470852992	-1	0.46684988	
121	0.505128331	-1	0.142857143	
122	0.503951888	-1	-0.158210198	
123	0.47628078	-1	-0.476313965	
124	0.163737929	-1	-0.502954608	
125	-0.142857143	-1	-0.505128331	
126	-0.212032419	-1	-0.212207551	
127	-0.244650524	-1	5.72E-02	
128	-0.2830371	-1	0.29443196	
129	-5.17E-02	-1	0.26639036	
130	0.223824192	-1	0.224887159	
131	0.262583419	-1	-4.54E-02	
132	0.288092405	-1	-0.282227124	
133	6.26E-02	-1	-0.253483718	
134	8.33E-03	-1	8.83E-03	
135	-0.80765569	-1	-0.80765569	
136	0.80765569	-1	-0.80765569	
137	-0.80765569	-1	0.80765569	
138	0.80765569	-1	0.80765569	
139	1	1	1	
140	1	1	0.714285714	
141	1	1	0.428571429	
142	1	1	0.142857143	
143	1	1	-0.142857143	
144	1	1	-0.428571429	
145	1	1	-0.714285714	
146	1	-0.714285714	1	
147	1	-0.428571429	1	
148	1	-0.142857143	1	
149	1	0.142857143	1	
150	1	0.428571429	1	
151	1	0.714285714	1	
152	1	0.765981113	-0.578247407	
153	1	0.747742599	-0.291741007	
154	1	0.748423618	5.56E-03	
155	1	0.747671396	0.298179251	
156	1	0.76723796	0.581040071	
157	1	0.578248897	0.767946705	
158	1	0.293230749	0.749415366	
159	1	-2.78E-17	0.752564165	
160	1	-0.293624348	0.748493127	
161	1	-0.58048948	0.766874599	
162	1	-0.767946705	0.578248897	
163	1	-0.749415366	0.293230749	
164	1	-0.751428777	-3.23E-03	
165	1	-0.750058243	-0.297480544	
166	1	-0.767109112	-0.580306346	
167	1	0.577498369	-0.766063364	
168	1	0.290447489	-0.744887772	
169	1	-4.70E-03	-0.746706296	
170	1	-0.299816866	-0.747786323	
171	1	-0.582357378	-0.76848013	
172	1	0.462990022	-0.461167238	
173	1	0.497931512	-0.13553319	
174	1	0.498601632	0.166002205	
175	1	0.469030046	0.474156538	
176	1	0.157724933	0.50797042	
177	1	-0.142857143	0.505128331	
178	1	-0.470852992	0.46684988	
179	1	-0.505128331	0.142857143	
180	1	-0.503970721	-0.15801593	
181	1	-0.476705456	-0.475132419	
182	1	0.130767974	-0.489531862	
183	1	-0.166415374	-0.498031322	
184	1	0.209720148	-0.208101751	
185	1	0.245309548	5.87E-02	
186	1	0.283243672	0.294941711	
187	1	5.18E-02	0.267091598	
188	1	-0.223893405	0.22527075	
189	1	-0.26246992	-4.52E-02	
190	1	-0.288318905	-0.281314263	
191	1	-6.54E-02	-0.249531738	
192	1	-9.01E-03	1.05E-02	
193	1	-0.80765569	-0.80765569	
194	1	0.80765569	-0.80765569	
195	1	-0.80765569	0.80765569	
196	1	0.80765569	0.80765569	
197	-1	1	1	
198	0.714285714	1	1	
199	0.428571429	1	1	
200	0.142857143	1	1	
201	-0.142857143	1	1	
202	-0.428571429	1	1	
203	-0.714285714	1	1	
204	-1	1	0.714285714	
205	-1	1	0.428571429	
206	-1	1	0.142857143	
207	-1	1	-0.142857143	
208	-1	1	-0.428571429	
209	-1	1	-0.714285714	
210	-0.765981113	1	-0.578247407	
211	-0.747742599	1	-0.291741007	
212	-0.748423618	1	5.56E-03	
213	-0.747671396	1	0.298179251	
214	-0.76723796	1	0.581040071	
215	-0.578248897	1	0.767946705	
216	-0.293230749	1	0.749415366	
217	2.78E-17	1	0.752564165	
218	0.293624348	1	0.748493127	
219	0.580330798	1	0.767051814	
220	0.767109112	1	-0.580306346	
221	0.750543582	1	-0.297721258	
222	0.751530679	1	-3.70E-03	
223	0.746851609	1	0.292094028	
224	0.766994612	1	0.579312187	
225	-0.577498369	1	-0.766063364	
226	-0.290447489	1	-0.744887772	
227	4.70E-03	1	-0.746706296	
228	0.299711749	1	-0.747842905	
229	0.582376893	1	-0.768497413	
230	-0.462990022	1	-0.461167238	
231	-0.497931512	1	-0.13553319	
232	-0.498601632	1	0.166002205	
233	-0.469030046	1	0.474156538	
234	-0.157724933	1	0.50797042	
235	0.142857143	1	0.505128331	
236	0.470852992	1	0.46684988	
237	0.476927662	1	-0.475179537	
238	0.506660553	1	-0.159413091	
239	0.505128331	1	0.142857143	
240	-0.130767974	1	-0.489531862	
241	0.165562469	1	-0.498323694	
242	-0.209720148	1	-0.208101751	
243	-0.245309548	1	5.87E-02	
244	-0.283243672	1	0.294941711	
245	-5.16E-02	1	0.266996612	
246	0.224725761	1	0.224925319	
247	0.289209403	1	-0.283522581	
248	0.265618383	1	-5.23E-02	
249	5.92E-02	1	-0.249030537	
250	7.14E-03	1	6.86E-03	
251	0.80765569	1	-0.80765569	
252	-0.80765569	1	-0.80765569	
253	0.80765569	1	0.80765569	
254	-0.80765569	1	0.80765569	
255	-1	0.714285714	1	
256	-1	0.428571429	1	
257	-1	0.142857143	1	
258	-1	-0.142857143	1	
259	-1	-0.428571429	1	
260	-1	-0.714285714	1	
261	-1	-0.578365789	0.76884198	
262	-1	-0.293093042	0.74877727	
263	-1	4.89E-03	0.748497415	
264	-1	0.297423649	0.747254026	
265	-1	0.580330798	0.767051814	
266	-1	0.767051814	-0.580330798	
267	-1	0.748493127	-0.293624348	
268	-1	0.752564165	2.78E-17	
269	-1	0.749268372	0.295449381	
270	-1	0.766994612	0.579312187	
271	-1	-0.767556685	-0.581613562	
272	-1	-0.747254318	-0.29964153	
273	-1	-0.747159536	-8.05E-03	
274	-1	-0.746122334	0.290812751	
275	-1	-0.769998183	0.581078758	
276	-1	-0.578248897	-0.767946705	
277	-1	-0.293230749	-0.749415366	
278	-1	2.78E-17	-0.752564165	
279	-1	0.292094028	-0.746851609	
280	-1	0.579312187	-0.766994612	
281	-1	-0.465906749	0.466129144	
282	-1	-0.136896893	0.497894897	
283	-1	0.161929533	0.497058295	
284	-1	0.470852992	0.46684988	
285	-1	0.46684988	-0.470852992	
286	-1	0.505128331	-0.142857143	
287	-1	0.505198461	0.155105646	
288	-1	-0.470942396	-0.477597489	
289	-1	-0.498325019	-0.169195896	
290	-1	-0.491255546	0.129743916	
291	-1	-0.155995719	-0.50676837	
292	-1	0.142857143	-0.505128331	
293	-1	-0.209117037	0.209068498	
294	-1	5.72E-02	0.244650524	
295	-1	0.292852434	0.281262856	
296	-1	0.225148179	-0.226332786	
297	-1	0.265890891	4.99E-02	
298	-1	-0.281960614	-0.294892783	
299	-1	-0.248963712	-6.93E-02	
300	-1	-5.15E-02	-0.269177302	
301	-1	6.45E-03	-1.02E-02	
302	-1	-0.80765569	-0.80765569	
303	-1	0.80765569	-0.80765569	
304	-1	-0.80765569	0.80765569	
305	-1	0.80765569	0.80765569	
306	-0.765981113	-0.578247407	1	
307	-0.747742599	-0.291741007	1	
308	-0.748423618	5.56E-03	1	
309	-0.747671396	0.298179251	1	
310	-0.76723796	0.581040071	1	
311	-0.578248897	0.767946705	1	
312	-0.293230749	0.749415366	1	
313	2.78E-17	0.752564165	1	
314	0.293624348	0.748493127	1	
315	0.58048948	0.766874599	1	
316	0.767946705	0.578248897	1	
317	0.749415366	0.293230749	1	
318	0.751428777	-3.23E-03	1	
319	0.750058243	-0.297480544	1	
320	0.767109112	-0.580306346	1	
321	-0.577498369	-0.766063364	1	
322	-0.290447489	-0.744887772	1	
323	4.70E-03	-0.746706296	1	
324	0.299816866	-0.747786323	1	
325	0.582357378	-0.76848013	1	
326	-0.462990022	-0.461167238	1	
327	-0.497931512	-0.13553319	1	
328	-0.498601632	0.166002205	1	
329	-0.469030046	0.474156538	1	
330	-0.157724933	0.50797042	1	
331	0.142857143	0.505128331	1	
332	0.470852992	0.46684988	1	
333	0.505128331	0.142857143	1	
334	0.503970721	-0.15801593	1	
335	0.476705456	-0.475132419	1	
336	-0.130767974	-0.489531862	1	
337	0.166415374	-0.498031322	1	
338	-0.209720148	-0.208101751	1	
339	-0.245309548	5.87E-02	1	
340	-0.283243672	0.294941711	1	
341	-5.18E-02	0.267091598	1	
342	0.223893405	0.22527075	1	
343	0.26246992	-4.52E-02	1	
344	0.288318905	-0.281314263	1	
345	6.54E-02	-0.249531738	1	
346	9.01E-03	1.05E-02	1	
347	-0.80765569	-0.80765569	1	
348	0.80765569	-0.80765569	1	
349	0.80765569	0.80765569	1	
350	-0.80765569	0.80765569	1	
351	-0.465334862	0.825381279	0.292361796	
352	-0.641656101	0.646382034	0.288118899	
353	-0.815932274	0.698043346	0.148024678	
354	-0.745252967	0.388000607	0.12503314	
355	-0.817615449	0.705617785	0.431126356	
356	-0.820852399	0.469581038	0.284687757	
357	0.527327836	-0.355705947	0.482205063	
358	0.429184198	-0.490038425	5.18E-02	
359	0.737015963	-0.347030967	0.344053	
360	0.68315351	-0.571867943	0.489649981	
361	-4.36E-02	-0.798039913	-0.571107626	
362	0.726544023	-0.33173573	0.683108747	
363	0.788184941	-0.134044692	0.592903137	
364	0.581393123	-0.130982891	0.669303477	
365	0.114548281	-0.562913299	0.657143295	
366	0.323142439	-0.364121944	0.616731763	
367	0.3232072	-0.742453992	0.67544961	
368	0.175279617	-0.426918328	0.489261568	
369	0.136630699	-0.787447274	0.587210953	
370	0.428338796	-0.544874728	0.782064378	
371	-0.428932071	-0.428920567	-0.362250358	
372	-0.612594187	-0.651426911	-0.242578745	
373	-0.345187306	-0.739217818	-0.335035384	
374	-0.224480912	-0.481492937	-0.224351436	
375	-0.369375497	0.740704536	0.11435508	
376	-9.74E-02	-0.605657697	0.819364667	
377	-0.682376623	0.490167886	-0.572062135	
378	0.107158475	-0.382805854	0.772523522	
379	-0.327180266	-0.344269097	0.744282365	
380	0.762427628	-0.717083454	-0.574894607	
381	0.603525102	-0.877563357	-0.601194501	
382	0.644504607	-0.464466691	-0.460970819	
383	0.644504607	-0.643662989	-0.281774521	
384	0.470555902	-0.637833595	-0.460872054	
385	0.813612044	-0.477421105	-0.294573158	
386	0.477813214	-0.8315714	-0.285509378	
387	0.704711437	-0.818974972	-0.428731024	
388	0.701049685	-0.438319027	-0.813895166	
389	0.762595057	-0.442232162	-0.620420992	
390	0.760673344	-0.601572812	-0.726661205	
391	0.472529411	-0.285044968	-0.821080625	
392	0.466408849	-0.463107198	-0.640620291	
393	0.650947094	-0.260980427	-0.644272566	
394	-0.574083209	-0.660003126	0.11582914	
395	-0.78343302	-0.57970196	0.125412717	
396	-0.736777127	-0.677637696	0.329068303	
397	-0.503536642	-0.177001625	-0.442716062	
398	-0.567012548	-0.382960856	-0.202728748	
399	-0.593872726	-0.397752106	-0.508769453	
400	-0.511377454	-0.144037068	-0.152203739	
401	-0.759027064	-0.213993266	-0.223833516	
402	-0.373714507	7.44E-03	-0.368220061	
403	-0.625471473	0.11021737	-0.129121035	
404	-0.743942976	0.106268324	-0.37577489	
405	0.129703924	-0.761538208	-0.371701926	
406	0.288118899	-0.820528686	-0.461682945	
407	-0.750398755	-0.116325177	-0.378402233	
408	-0.659383714	-0.108006403	-0.579187036	
409	0.482722968	-0.227329403	0.225322515	
410	0.356197536	-0.73444891	0.344574183	
411	0.380148023	-0.124152474	0.752273798	
412	0.345942557	-0.232896164	0.496335775	
413	0.492045313	-0.682894528	0.57044369	
414	0.147377297	-0.14381668	0.511143208	
415	-1.21E-02	-0.227177665	0.613678694	
416	0.459172547	-0.338823855	-0.11909654	
417	0.140515015	-0.51129657	-0.134123594	
418	0.432373077	-0.544861972	-0.136623234	
419	0.440131068	-0.314074129	-0.309127688	
420	0.138961285	-0.46653834	-0.340945542	
421	-0.628708363	-0.78919524	0.631556869	
422	-0.681081891	-0.570055246	0.489908934	
423	0.747446954	-0.381234556	-0.116749011	
424	0.743554592	-0.375645399	0.106203586	
425	-0.42277506	-0.567724645	0.746856213	
426	-0.418988764	-0.773302913	0.533764243	
427	0.751818597	-0.222658485	-0.229549602	
428	0.524050713	-0.144452304	-0.140805706	
429	-7.99E-03	0.632416427	-0.226117194	
430	-0.278768092	0.471433431	-0.548889935	
431	-0.124276638	0.577383637	-0.669524491	
432	-1.25E-03	0.360590667	-0.374752104	
433	0.21930182	0.758250237	-0.214964345	
434	9.65E-02	0.760723174	-7.58E-02	
435	0.123606876	0.765504241	-0.368872762	
436	0.149459302	0.514118135	-0.130075797	
437	-0.125638798	0.785130858	-0.579787314	
438	-0.333086014	0.72590524	-0.334385574	
439	-0.110440038	0.764970124	-0.108762398	
440	-0.119499512	0.747107625	0.382333696	
441	7.31E-02	0.747739792	0.160963282	
442	-0.36395517	-0.769012749	0.110603526	
443	-0.475715011	-0.532309294	0.26594469	
444	-0.193814307	-0.774540424	0.209606469	
445	0.135896072	0.650903106	-0.570415378	
446	-0.218719169	0.623982489	7.61E-03	
447	-0.222797707	0.481233984	-0.221956104	
448	-0.766521215	-0.380645692	-0.125132397	
449	-0.211434066	-1.07E-04	-0.631309152	
450	-1.23E-03	-0.22050631	-0.616883874	
451	-0.340576082	-0.344945192	-0.735131323	
452	-0.102531821	-0.107957341	-0.751044154	
453	-0.224480912	-0.224351436	-0.481492937	
454	0.117583916	-0.377034634	-0.747059166	
455	-0.371593684	0.112389654	-0.746455908	
456	-0.214640647	0.223250881	-0.758314967	
457	8.07E-02	-6.65E-02	-0.750088096	
458	-0.583132446	-0.130027369	-0.788677335	
459	6.76E-02	0.164605081	-0.753998578	
460	0.148009002	-0.12912254	-0.511253417	
461	-0.144658282	0.150484756	-0.511078417	
462	-0.466667801	0.281580299	-0.559956074	
463	0.757991254	-0.789648414	0.502791941	
464	-0.352598488	-0.352857441	-2.27E-04	
465	-0.625554681	-0.226334557	5.68E-03	
466	-0.460502356	0.473450184	0.643533528	
467	-0.620501876	0.528367162	0.682545841	
468	-0.636247635	0.2841658	0.633239567	
469	-0.462459803	0.294398546	0.820269763	
470	-0.236952558	-0.620228887	-3.54E-03	
471	-7.37E-02	7.45E-02	-0.259298861	
472	-0.24289915	0.11875806	-0.128491223	
473	-0.26097396	-6.95E-02	-7.68E-02	
474	0.779729784	0.532287896	0.426706433	
475	0.617184937	0.363280356	0.323142439	
476	0.748215735	0.117986001	0.380047619	
477	0.550504208	0.551734269	0.232184798	
478	0.572062135	0.747503638	0.425753057	
479	0.746985734	0.683930337	0.207454666	
480	0.789777875	0.630974233	0.631233215	
481	-0.592967927	-4.16E-02	0.789279699	
482	0.60142082	-0.598591685	-0.888874531	
483	0.298232526	-0.464457214	-0.824218392	
484	-0.766601503	0.790166318	-0.789454222	
485	0.527173281	-0.622644067	-0.686721683	
486	0.333214343	-0.148534372	-0.476285785	
487	0.36153242	-0.4785797	-0.477414399	
488	0.230846778	-0.225194037	-0.742536306	
489	0.381057143	-0.103187554	-0.733624399	
490	0.278237671	-0.635395288	-0.642999053	
491	0.788936257	0.582808733	-0.129962623	
492	0.581873596	0.68618536	-0.12706621	
493	0.528579593	0.478215039	-0.346406609	
494	0.436084658	0.467350602	-4.69E-02	
495	0.74659729	0.568889976	-0.42277506	
496	0.623982489	0.218719169	7.61E-03	
497	0.747179925	0.372537971	0.124006681	
498	0.736752987	0.337750345	-0.337429553	
499	-0.809808135	-0.467070788	-0.280001283	
500	0.499263674	0.137943178	0.155439273	
501	0.228972897	0.473059207	0.215786725	
502	0.483823508	0.353763789	0.527457297	
503	0.375580668	0.743554592	0.106203586	
504	7.11E-02	-0.757442474	-6.73E-02	
505	-3.81E-03	-0.619966805	-0.250191212	
506	0.360631883	-0.741022944	0.103886649	
507	0.220453963	-0.752731383	-0.219940737	
508	-0.11266201	-0.770198643	-0.113206476	
509	0.3887977	-0.766891301	-0.111876428	
510	0.76194489	-0.100382425	-7.07E-02	
511	0.762046278	-0.123003364	-0.375914365	
512	0.764208913	0.109666847	-9.55E-02	
513	0.643734574	1.33E-02	-0.217616856	
514	0.366384774	9.02E-02	-0.730970621	
515	0.749549985	-6.77E-02	0.164014593	
516	6.87E-02	-0.748369515	0.172108188	
517	0.218356788	-0.483432293	0.230600968	
518	-0.117986001	-0.748215735	0.379918158	
519	-0.144658282	-0.511078417	0.150484756	
520	1.21E-02	-0.33486101	0.34512499	
521	0.790036857	0.766407251	-0.789324701	
522	-0.599421263	0.601626933	0.872511983	
523	-0.433419764	0.704154313	0.828032792	
524	-0.467336953	0.349330455	0.470813334	
525	-0.639499724	0.473865926	0.448566288	
526	-0.131502569	0.412739336	0.540505171	
527	-0.115888953	0.391591072	0.760128915	
528	-0.215730712	0.220004588	0.746157527	
529	-0.480910271	-0.224027738	0.224157214	
530	-0.733157218	-0.33595106	0.327982932	
531	-0.590254307	0.762569249	0.715917766	
532	-0.278366894	0.633419633	0.635636926	
533	-0.462459803	0.646964669	0.467768371	
534	-0.684059858	0.207195714	-0.746920943	
535	-0.31840679	0.446241528	0.326089323	
536	-0.283263505	0.471199512	0.823765635	
537	0.683185875	0.113854364	-0.616516829	
538	0.830178559	-0.298282087	-0.453518152	
539	0.450007737	5.75E-02	-0.458123952	
540	0.543641925	-0.131127924	-0.419279188	
541	0.675902784	0.317057014	-0.740965009	
542	-0.703351915	0.434881181	0.817097545	
543	-0.621069252	0.761098683	0.443815112	
544	-0.724262476	0.758379698	0.601388693	
545	-0.30086264	0.817985952	0.47187975	
546	-0.214834869	0.758379698	0.22370404	
547	-0.766601503	-0.789454222	0.790166318	
548	-0.622997463	1.73E-03	0.2191903	
549	-0.760742784	-0.11181131	0.11578995	
550	-0.765245914	0.215615273	0.213624552	
551	-0.755065262	-5.33E-02	-8.42E-02	
552	-0.77399838	8.79E-02	0.377502084	
553	-0.627871335	0.63241595	-0.79246974	
554	-0.540753126	0.424361914	-0.774233043	
555	-0.416157961	0.743351221	-0.576325536	
556	-0.630706549	0.791697264	-0.615322649	
557	-0.160834953	-0.6705966	-0.832161009	
558	-0.504539847	-0.759027064	-0.788612604	
559	4.69E-02	-0.591138422	-0.685087085	
560	0.432809532	-0.817809701	-0.704128802	
561	0.600557745	0.493784666	0.698893845	
562	0.741381526	0.206467658	0.688407958	
563	0.347030967	0.344053	0.737015963	
564	0.505187213	0.757279158	0.788547873	
565	0.790425241	0.767054677	0.79036051	
566	-0.877304375	0.605014086	0.600288153	
567	-0.757861793	0.447310984	0.620680809	
568	-0.820852399	0.293362707	0.460906088	
569	0.490750551	0.171006873	0.430802643	
570	0.375580668	0.106203586	0.743554592	
571	-0.347192556	0.162634104	0.453844011	
572	-0.362103283	0.100863665	0.740208924	
573	-0.542152941	0.131127924	0.418955505	
574	-0.504284441	0.139836267	0.140544355	
575	-0.464916319	-3.93E-02	0.415740073	
576	-7.32E-02	7.62E-02	0.258403897	
577	-0.245011628	-0.119904384	0.120752305	
578	-0.246317267	9.74E-02	0.10679432	
579	-0.222797707	-0.221956104	0.481233984	
580	-0.66560936	3.70E-02	0.577176511	
581	-0.767248869	0.790490031	0.790490031	
582	-0.537605464	0.53992933	-0.347861081	
583	-0.742518723	0.674672723	-0.319193393	
584	4.61E-02	0.439876407	0.512001753	
585	6.93E-02	0.173509166	0.743559122	
586	5.64E-02	0.585083187	0.783936262	
587	0.178144544	0.618278623	0.481213242	
588	-4.19E-02	0.698151112	0.600815952	
589	3.56E-02	0.374282598	0.324833751	
590	0.227264658	0.225322515	0.482722968	
591	-0.128121749	0.144351274	0.512098849	
592	0.130739495	-0.421609789	-0.541958749	
593	-0.659011185	-0.609239936	-0.506335616	
594	-0.413579553	-0.739634991	-0.580032229	
595	-0.177957788	-0.481335372	-0.606924593	
596	-0.570184767	-0.424264044	-0.747050464	
597	-2.86E-02	-0.370767653	-0.311151654	
598	-0.110152632	-0.236328065	-0.110087894	
599	-7.31E-02	-0.258339167	7.60E-02	
600	0.12530677	0.1274755	-0.257509947	
601	8.03E-02	0.260591358	-8.75E-02	
602	-0.739665687	0.37578097	-9.99E-02	
603	-0.482852429	0.225387245	-0.227394134	
604	-0.737145424	0.344117731	-0.347095698	
605	0.323142439	0.67544961	-0.742453992	
606	7.87E-02	-8.63E-02	-0.259123862	
607	-0.475489318	0.420066923	-5.07E-02	
608	0.766860425	-0.790231049	-0.790231049	
609	0.243434131	-0.119999975	0.110781305	
610	7.90E-02	-0.260798723	-7.40E-02	
611	0.736452043	-0.691193223	0.190727845	
612	-0.782462418	-0.428536803	-0.563128233	
613	-0.811400533	-0.696554363	-0.4184376	
614	-0.874261677	-0.594008505	-0.596986473	
615	-0.717708468	-0.590119421	-0.75277096	
616	-0.284526408	-0.540479243	0.486995697	
617	-0.121125817	-0.65914309	0.584252477	
618	7.45E-02	-7.27E-02	0.258339167	
619	-0.633746624	-0.624165416	0.79693377	
620	-0.597734272	-0.873304248	-0.594837248	
621	-0.651144445	-0.292144179	0.569993079	
622	-0.466903865	-0.185496286	0.587922335	
623	-0.109300666	0.368201733	-0.752409816	
624	0.112699442	0.57901448	-0.772577047	
625	-0.621141553	0.679667234	-9.88E-02	
626	-0.447327048	0.441993058	0.151541561	
627	0.492045313	0.57050842	-0.682894528	
628	0.78919524	0.629808962	-0.62948525	
629	0.536726534	0.344793439	-0.538800061	
630	0.790231049	-0.790231049	0.766860425	
631	0.632074773	-0.630715251	0.789130509	
632	7.89E-02	-6.74E-02	0.753071129	
633	-0.790878415	-0.768802583	-0.790490031	
634	-0.828755021	-0.141757056	0.674546838	
635	0.376356006	0.747646511	-0.138146743	
636	0.153095528	0.834983349	0.671785057	
637	0.427371502	0.747309387	0.569925785	
638	0.632074773	0.789130509	-0.630715251	
639	0.325646013	0.612098157	-0.36377877	
640	0.436114997	0.782252252	-0.544300854	
641	0.470889211	0.223833516	-0.206898957	
642	0.347030967	0.737080693	0.344117731	
643	0.758379698	0.214834869	0.22370404	
644	0.35499382	-1.00E-03	0.354022741	
645	0.126027495	0.240360558	0.120579585	
646	0.220111564	0.236867964	-0.489864439	
647	0.344443709	0.349053293	-0.732520282	
648	0.218654439	-0.21334587	0.758379698	
649	-0.14351359	0.527858138	0.136393741	
650	-0.135851428	0.467438102	0.342843443	
651	-8.73E-02	0.272519439	7.22E-02	
652	0.265561312	-7.66E-02	-8.62E-02	
653	0.269316643	7.12E-02	5.53E-02	
654	-3.24E-05	-3.24E-05	-3.24E-05	
2775	4			
1	213	232	351	352
2	353	286	354	287
3	353	355	356	352
4	353	354	356	287
5	353	355	352	213
6	353	206	213	212
7	353	206	212	268
8	357	358	359	360
9	126	133	125	361
10	357	362	363	364
11	365	366	367	368
12	367	368	369	365
13	275	88	89	98
14	365	366	370	367
15	367	337	324	370
16	371	372	373	374
17	323	337	324	367
18	363	159	177	176
19	375	353	352	232
20	365	323	376	369
21	377	279	285	280
22	378	376	379	365
23	380	76	166	165
24	381	107	123	108
25	382	380	383	384
26	275	98	89	274
27	353	269	355	213
28	385	165	383	380
29	386	107	123	381
30	387	386	384	381
31	388	389	390	171
32	226	20	35	21
33	388	391	392	393
34	394	395	97	396
35	388	389	170	393
36	397	371	398	399
37	397	398	400	401
38	402	403	404	400
39	361	405	124	406
40	402	407	404	408
41	357	363	409	364
42	357	410	358	360
43	366	411	364	412
44	366	344	370	411
45	366	413	367	368
46	366	368	414	412
47	368	414	415	366
48	366	370	344	378
49	378	365	415	366
50	416	417	418	358
51	418	419	420	416
52	396	421	422	275
53	382	423	419	383
54	416	418	423	424
55	418	423	419	416
56	425	421	422	426
57	427	423	428	419
58	429	430	431	432
59	433	434	435	436
60	434	435	436	429
61	429	437	438	439
62	440	234	245	244
63	429	434	441	436
64	426	442	443	444
65	436	435	445	429
66	429	446	438	447
67	395	394	372	448
68	449	450	451	452
69	453	449	450	451
70	452	450	451	454
71	455	452	456	449
72	452	450	454	457
73	452	457	68	69
74	458	455	451	50
75	459	450	457	460
76	452	449	459	456
77	397	398	401	399
78	452	450	457	459
79	397	449	453	451
80	460	449	459	450
81	397	453	449	402
82	402	455	461	449
83	462	402	455	461
84	449	450	460	453
85	397	399	451	371
86	463	105	79	104
87	397	407	399	401
88	398	394	464	465
89	466	467	468	469
90	394	470	372	398
91	398	374	400	464
92	402	471	472	473
93	398	465	401	448
94	474	475	186	476
95	474	477	478	479
96	474	479	155	174
97	474	480	175	156
98	481	308	328	309
99	482	388	58	483
100	484	73	252	22
101	391	392	483	388
102	388	482	58	43
103	388	485	482	390
104	419	486	382	487
105	392	488	486	489
106	392	384	485	382
107	392	382	485	389
108	395	273	96	274
109	392	485	490	483
110	392	486	393	489
111	491	492	493	494
112	491	495	493	492
113	496	497	498	494
114	491	479	222	492
115	491	479	174	154
116	477	497	491	479
117	395	273	289	499
118	491	174	479	497
119	479	477	492	491
120	475	494	500	501
121	502	477	474	475
122	477	479	492	503
123	477	475	502	501
124	477	479	503	478
125	504	470	417	505
126	506	504	507	131
127	504	505	405	508
128	504	505	507	405
129	504	133	507	131
130	381	406	386	384
131	507	406	405	487
132	487	406	405	490
133	507	418	509	384
134	509	384	386	507
135	384	380	485	382
136	384	487	419	382
137	384	485	380	381
138	392	384	487	490
139	384	419	418	383
140	510	511	512	191
141	510	513	511	427
142	514	66	65	56
143	512	510	515	513
144	510	189	423	427
145	510	427	191	189
146	516	369	119	410
147	517	518	519	516
148	520	517	518	519
149	504	516	131	506
150	516	518	129	119
151	516	506	130	131
152	516	444	129	518
153	251	521	194	220
154	469	522	523	466
155	466	524	468	525
156	466	526	527	528
157	529	465	443	530
158	523	531	532	466
159	466	533	467	531
160	534	278	279	25
161	466	525	533	524
162	466	535	533	532
163	466	524	535	526
164	466	469	536	523
165	393	511	183	537
166	538	393	511	183
167	537	182	511	183
168	539	540	393	537
169	499	272	289	288
170	537	540	513	539
171	537	41	541	169
172	394	470	443	442
173	470	373	372	374
174	504	508	470	505
175	542	329	310	309
176	470	505	374	417
177	127	508	442	444
178	508	442	444	470
179	470	464	443	519
180	458	278	31	30
181	508	470	505	373
182	444	516	504	519
183	543	531	467	533
184	544	543	531	467
185	531	466	522	467
186	531	532	466	533
187	233	543	545	531
188	543	545	531	533
189	533	440	535	546
190	440	535	532	533
191	547	261	275	304
192	533	543	352	525
193	469	466	524	468
194	548	465	530	549
195	529	548	465	530
196	550	549	551	548
197	552	549	550	548
198	549	465	448	551
199	549	551	299	301
200	548	549	551	465
201	553	52	554	33
202	553	377	554	555
203	553	554	52	555
204	553	225	556	555
205	553	556	225	484
206	252	266	209	303
207	557	558	49	47
208	557	361	112	111
209	557	5	47	46
210	59	559	60	46
211	559	60	46	557
212	557	49	451	60
213	557	112	558	47
214	98	396	274	275
215	396	530	395	281
216	395	281	274	396
217	384	560	406	490
218	290	395	281	274
219	208	210	266	209
220	396	422	281	275
221	274	98	89	97
222	274	396	97	395
223	478	502	477	474
224	561	175	480	158
225	561	333	562	317
226	561	563	333	332
227	316	564	565	561
228	565	561	480	316
229	474	175	480	561
230	467	355	525	566
231	567	356	525	568
232	567	525	356	566
233	567	264	566	284
234	567	542	467	566
235	567	542	264	468
236	463	163	178	162
237	431	555	35	52
238	553	34	33	484
239	554	32	534	279
240	554	455	51	63
241	553	377	556	484
242	554	377	279	534
243	554	534	32	51
244	349	565	196	316
245	565	480	156	157
246	253	156	140	196
247	565	315	564	316
248	253	565	349	219
249	562	149	317	318
250	562	476	569	502
251	562	569	570	502
252	480	317	157	316
253	562	158	149	159
254	571	524	468	572
255	571	528	524	572
256	388	11	42	170
257	571	535	524	526
258	573	574	524	571
259	571	574	575	573
260	353	269	268	287
261	575	576	577	578
262	579	576	577	575
263	571	575	572	580
264	571	573	575	580
265	544	467	531	581
266	543	531	214	544
267	233	543	531	214
268	556	582	377	555
269	582	438	555	556
270	211	583	210	230
271	583	210	230	556
272	556	377	583	266
273	225	553	35	555
274	556	230	555	225
275	556	583	210	266
276	584	585	563	586
277	584	586	587	588
278	584	563	587	586
279	584	585	527	526
280	587	589	590	584
281	501	587	589	590
282	589	587	440	584
283	584	591	589	590
284	487	592	454	490
285	405	559	420	490
286	559	420	490	592
287	592	420	487	486
288	397	398	371	400
289	593	398	372	371
290	499	398	372	593
291	371	451	594	399
292	595	371	451	594
293	554	462	377	534
294	399	594	593	596
295	458	50	31	51
296	408	596	451	399
297	397	451	399	408
298	450	592	420	595
299	420	450	597	460
300	50	61	455	451
301	450	453	597	460
302	450	451	595	453
303	461	449	459	460
304	450	457	460	488
305	450	454	457	488
306	30	277	278	26
307	474	480	156	478
308	491	221	495	492
309	479	492	503	239
310	494	497	491	477
311	464	473	400	577
312	464	400	473	598
313	470	442	394	372
314	464	577	519	599
315	464	598	577	599
316	464	394	470	443
317	596	50	49	30
318	473	403	402	400
319	551	549	550	297
320	562	176	476	175
321	432	600	601	471
322	403	551	296	404
323	403	602	603	604
324	604	403	296	404
325	400	551	574	403
326	38	605	228	37
327	603	403	402	472
328	574	551	548	550
329	550	602	574	403
330	460	606	600	471
331	403	607	574	603
332	403	602	607	603
333	44	482	485	608
334	482	608	71	43
335	482	608	44	71
336	388	482	43	390
337	482	485	483	45
338	485	44	560	45
339	416	358	609	610
340	418	358	424	416
341	416	358	424	409
342	416	417	358	610
343	418	358	417	506
344	418	423	611	383
345	418	506	611	358
346	384	418	509	383
347	458	596	408	277
348	484	303	280	266
349	612	593	613	614
350	612	613	288	614
351	612	593	615	596
352	399	612	596	593
353	612	408	277	291
354	462	582	377	604
355	462	456	430	461
356	608	380	108	166
357	462	402	461	603
358	554	377	462	430
359	462	430	582	603
360	520	616	518	617
361	71	8	2	136
362	520	517	599	609
363	609	520	412	618
364	508	126	133	134
365	520	368	414	415
366	520	517	368	518
367	577	520	519	599
368	520	618	577	579
369	458	408	451	455
370	458	51	534	455
371	554	52	32	33
372	458	451	596	50
373	596	408	277	612
374	458	534	51	31
375	458	278	408	534
376	458	277	408	278
377	608	44	560	485
378	560	110	7	109
379	560	123	381	406
380	560	485	381	608
381	560	109	381	123
382	547	98	421	99
383	547	87	137	99
384	547	619	306	321
385	547	422	619	421
386	261	547	347	304
387	593	371	372	373
388	558	593	596	615
389	593	620	558	594
390	355	543	213	214
391	593	372	613	620
392	399	593	594	371
393	402	461	472	471
394	612	288	298	291
395	408	397	402	407
396	462	455	402	408
397	408	449	455	402
398	472	473	403	402
399	397	453	402	400
400	402	397	408	449
401	398	399	593	499
402	376	617	101	100
403	617	379	616	425
404	617	365	415	379
405	376	617	369	101
406	365	376	379	617
407	365	378	376	337
408	376	378	336	337
409	575	552	621	580
410	575	580	573	552
411	571	580	468	573
412	571	575	574	578
413	622	575	572	579
414	575	548	573	574
415	571	524	528	526
416	484	210	225	252
417	431	555	437	35
418	431	437	36	35
419	431	430	623	432
420	431	36	437	624
421	431	437	445	624
422	554	431	623	52
423	583	212	211	268
424	625	232	375	231
425	625	582	602	583
426	353	626	625	375
427	625	354	607	626
428	271	94	93	302
429	355	269	205	213
430	566	269	284	270
431	543	355	525	467
432	544	355	566	270
433	356	269	284	566
434	355	525	566	356
435	355	213	543	352
436	544	355	270	214
437	533	535	525	352
438	566	544	467	355
439	544	581	531	214
440	619	306	262	261
441	280	33	23	303
442	543	351	213	233
443	495	541	627	628
444	629	495	541	627
445	628	495	172	152
446	167	541	172	628
447	550	294	295	297
448	628	627	521	39
449	628	521	167	39
450	552	294	283	295
451	325	630	138	103
452	357	368	410	413
453	357	517	410	368
454	413	463	103	120
455	413	631	370	367
456	366	413	370	367
457	413	410	463	120
458	619	621	262	307
459	98	275	88	137
460	547	619	422	261
461	528	339	341	340
462	619	425	326	321
463	547	619	321	421
464	547	422	421	275
465	585	632	343	346
466	585	632	528	591
467	585	346	339	632
468	584	527	585	586
469	590	585	414	570
470	585	343	632	570
471	585	586	331	563
472	585	527	341	331
473	593	633	614	615
474	594	558	593	596
475	612	407	291	298
476	558	48	633	615
477	615	49	30	596
478	29	615	49	30
479	596	558	615	49
480	596	50	451	49
481	458	596	277	30
482	458	408	596	451
483	258	634	481	307
484	137	347	81	87
485	262	621	282	634
486	307	258	308	481
487	634	307	258	262
488	634	481	621	580
489	634	621	481	307
490	425	621	307	379
491	575	621	529	622
492	621	580	552	282
493	634	621	282	580
494	481	621	379	307
495	621	616	422	443
496	621	529	622	443
497	621	282	530	281
498	621	422	281	530
499	520	518	368	617
500	616	425	422	426
501	520	616	415	579
502	621	616	622	379
503	415	379	616	617
504	616	622	579	443
505	558	113	4	112
506	558	4	113	48
507	596	558	451	594
508	558	633	48	113
509	558	112	620	113
510	633	48	70	29
511	396	395	443	394
512	484	73	22	34
513	396	530	281	422
514	395	281	530	290
515	411	344	335	334
516	395	448	465	394
517	396	421	117	426
518	97	394	116	96
519	395	394	96	372
520	395	448	289	290
521	592	487	488	486
522	592	420	595	559
523	311	581	350	215
524	592	450	488	454
525	597	417	420	610
526	597	417	505	420
527	597	595	505	374
528	597	420	606	610
529	597	606	420	460
530	436	441	503	434
531	614	288	276	271
532	434	436	635	503
533	434	635	433	248
534	429	434	435	439
535	434	439	249	435
536	434	248	433	249
537	616	425	426	617
538	376	425	336	379
539	616	422	443	426
540	425	99	421	426
541	619	425	321	421
542	425	379	326	336
543	437	227	624	36
544	437	445	241	435
545	437	226	555	240
546	437	445	227	241
547	564	586	636	637
548	561	564	332	316
549	495	152	638	221
550	478	565	156	224
551	565	564	637	561
552	316	565	196	157
553	478	561	480	565
554	533	543	525	467
555	564	218	636	314
556	224	219	637	565
557	564	218	199	219
558	564	315	199	314
559	559	45	46	59
560	305	310	255	265
561	557	559	60	595
562	542	310	256	309
563	559	454	59	60
564	111	559	557	361
565	559	111	110	361
566	396	394	426	117
567	639	492	635	494
568	445	627	605	640
569	124	405	361	133
570	640	639	445	627
571	639	641	493	494
572	639	435	445	436
573	639	492	640	635
574	639	640	247	635
575	639	640	435	247
576	568	283	284	295
577	494	477	475	497
578	474	477	497	475
579	475	501	569	502
580	477	503	642	478
581	477	642	502	478
582	634	283	580	282
583	576	571	575	579
584	580	552	282	283
585	283	568	264	580
586	283	580	552	568
587	468	580	481	264
588	581	305	566	265
589	263	264	308	481
590	312	216	201	313
591	569	502	501	590
592	475	569	501	500
593	569	502	590	570
594	562	569	364	570
595	588	234	216	217
596	479	222	492	239
597	562	569	476	364
598	123	381	406	386
599	475	569	476	502
600	408	407	292	291
601	293	282	549	294
602	449	461	402	453
603	522	350	310	311
604	398	399	499	401
605	408	534	292	404
606	505	595	361	373
607	505	420	417	507
608	470	505	373	374
609	309	481	264	468
610	559	595	505	420
611	262	259	261	306
612	182	512	191	184
613	515	192	643	187
614	500	496	515	428
615	428	513	496	515
616	496	513	498	512
617	641	496	513	498
618	513	510	515	428
619	512	496	515	643
620	515	513	496	512
621	616	518	617	426
622	497	512	643	496
623	510	512	511	513
624	233	545	216	215
625	425	426	100	99
626	619	422	425	421
627	547	421	98	275
628	422	275	261	281
629	421	117	426	99
630	396	422	421	426
631	348	630	138	325
632	320	630	195	348
633	630	162	80	104
634	630	463	104	103
635	630	162	195	80
636	173	512	185	497
637	98	396	117	97
638	491	477	492	494
639	512	511	498	182
640	428	515	424	510
641	496	641	513	428
642	497	494	500	475
643	161	630	195	320
644	631	319	362	335
645	631	319	161	362
646	413	360	631	463
647	631	463	103	413
648	631	325	367	103
649	631	370	325	335
650	466	533	525	467
651	466	528	524	526
652	568	524	550	525
653	524	525	568	468
654	571	591	526	528
655	547	99	421	321
656	420	419	486	606
657	420	610	419	606
658	597	606	460	453
659	597	417	598	374
660	418	417	420	507
661	420	487	507	405
662	592	460	420	486
663	460	592	420	450
664	413	631	360	370
665	413	463	410	360
666	463	611	105	410
667	463	161	162	178
668	178	463	611	163
669	463	162	79	163
670	139	198	253	349
671	463	105	163	79
672	566	542	264	567
673	547	306	347	321
674	573	568	524	550
675	567	525	467	468
676	349	219	198	253
677	485	388	483	392
678	388	485	390	389
679	454	487	483	488
680	482	485	388	483
681	482	58	45	483
682	429	431	430	437
683	430	447	582	603
684	430	461	432	447
685	430	438	582	447
686	158	562	561	175
687	644	645	590	569
688	569	644	364	570
689	561	565	478	637
690	629	539	641	646
691	629	539	646	514
692	629	539	498	641
693	537	498	629	539
694	629	495	493	498
695	629	495	627	493
696	537	629	541	514
697	639	629	647	627
698	304	261	260	347
699	522	531	467	581
700	522	310	542	329
701	522	523	531	311
702	279	24	32	25
703	115	442	126	373
704	504	508	133	134
705	470	464	398	394
706	378	336	337	345
707	508	444	127	134
708	140	156	224	141
709	392	382	389	393
710	617	101	100	118
711	562	476	363	364
712	363	476	176	177
713	562	363	176	159
714	363	515	409	476
715	334	333	318	363
716	160	363	178	362
717	357	363	359	409
718	363	515	476	177
719	363	362	359	178
720	353	206	269	213
721	520	518	616	519
722	438	231	242	230
723	368	617	518	369
724	631	360	370	362
725	410	367	368	369
726	520	415	616	617
727	357	370	366	413
728	370	364	357	366
729	366	648	412	414
730	513	540	427	428
731	367	323	102	324
732	510	513	427	428
733	638	495	221	237
734	229	521	220	638
735	372	373	115	114
736	638	229	640	237
737	628	638	521	627
738	628	638	152	521
739	152	638	221	220
740	495	640	237	638
741	375	439	546	446
742	436	429	446	441
743	446	439	546	441
744	438	375	607	446
745	607	375	626	649
746	625	375	626	607
747	429	446	447	436
748	649	446	441	436
749	378	336	345	338
750	290	549	299	293
751	282	549	294	552
752	575	621	622	580
753	621	529	548	575
754	549	395	448	465
755	548	550	573	574
756	597	505	595	420
757	621	552	530	282
758	450	449	459	452
759	595	371	373	374
760	595	373	371	594
761	559	505	405	420
762	592	487	420	490
763	559	490	405	361
764	517	516	417	506
765	398	394	465	448
766	379	336	338	326
767	464	443	465	394
768	395	465	443	394
769	465	551	548	574
770	465	400	551	574
771	465	551	400	401
772	465	448	551	401
773	580	283	263	264
774	491	498	495	173
775	511	182	191	183
776	495	173	498	172
777	625	286	583	602
778	625	582	438	607
779	556	582	583	377
780	625	582	607	602
781	582	603	607	602
782	582	447	607	603
783	582	377	604	583
784	554	462	456	430
785	553	377	555	556
786	553	377	484	280
787	554	623	431	430
788	553	33	280	484
789	460	459	514	457
790	457	460	489	514
791	457	66	488	68
792	308	258	257	263
793	592	450	460	488
794	474	561	478	502
795	474	497	477	479
796	474	155	478	156
797	562	570	333	563
798	363	333	318	562
799	564	637	563	586
800	587	502	637	563
801	561	317	562	158
802	439	429	446	438
803	632	411	414	570
804	632	591	415	572
805	437	240	435	241
806	353	268	625	286
807	583	604	286	285
808	544	355	214	543
809	531	581	311	215
810	531	214	581	215
811	215	523	532	216
812	437	226	240	227
813	531	523	532	215
814	562	364	333	570
815	357	364	409	412
816	364	362	335	370
817	357	363	362	359
818	364	412	644	409
819	357	412	366	364
820	363	362	160	319
821	364	570	644	411
822	382	419	423	427
823	385	389	380	382
824	226	36	20	227
825	388	392	389	393
826	397	451	453	371
827	308	264	263	257
828	432	623	624	646
829	380	389	485	382
830	448	290	299	289
831	387	384	380	381
832	392	487	384	382
833	384	418	419	487
834	611	358	410	360
835	463	611	410	360
836	568	284	283	264
837	611	506	121	410
838	549	301	297	551
839	439	243	546	250
840	446	649	546	375
841	434	439	250	249
842	631	325	320	335
843	434	250	439	441
844	438	230	242	240
845	268	625	583	212
846	383	418	423	419
847	611	359	179	424
848	413	367	120	103
849	357	413	410	360
850	357	409	517	412
851	611	360	178	359
852	611	358	506	410
853	33	280	24	32
854	357	360	359	362
855	357	366	412	368
856	463	105	120	410
857	38	521	72	229
858	628	627	39	541
859	521	15	194	167
860	194	220	145	251
861	229	521	72	251
862	521	627	38	39
863	521	194	15	72
864	517	609	520	412
865	412	618	644	609
866	364	335	362	334
867	360	370	362	357
868	366	412	648	411
869	357	370	413	360
870	367	370	324	325
871	324	103	83	102
872	541	169	182	537
873	557	46	47	60
874	367	323	369	102
875	357	412	517	368
876	413	631	367	103
877	120	369	102	367
878	356	287	295	284
879	461	646	623	432
880	431	623	624	432
881	431	437	555	430
882	432	601	447	472
883	432	471	601	472
884	429	431	445	432
885	436	445	646	432
886	432	471	461	600
887	432	436	601	600
888	502	637	478	642
889	566	305	270	265
890	605	624	55	647
891	99	86	100	321
892	605	624	647	445
893	37	605	228	624
894	638	229	605	640
895	605	627	55	38
896	310	581	305	350
897	544	270	581	214
898	305	214	204	254
899	215	581	350	254
900	522	542	310	581
901	522	531	581	311
902	616	415	579	379
903	632	591	572	528
904	378	648	415	345
905	632	585	528	339
906	632	411	343	648
907	415	414	579	591
908	624	432	445	431
909	554	63	623	456
910	554	462	534	455
911	462	430	377	582
912	230	583	556	438
913	555	438	240	230
914	556	210	225	484
915	482	608	43	390
916	482	485	608	390
917	608	44	71	8
918	608	71	136	8
919	459	623	456	461
920	459	514	66	65
921	452	456	459	69
922	459	623	64	456
923	587	441	501	589
924	441	589	440	649
925	587	441	440	235
926	441	245	546	440
927	441	436	501	649
928	584	588	587	440
929	591	584	589	526
930	595	451	371	453
931	398	470	372	374
932	374	400	453	371
933	351	233	232	213
934	539	540	428	486
935	565	253	349	196
936	486	540	393	539
937	600	646	539	486
938	486	646	539	514
939	537	513	540	511
940	629	647	541	514
941	589	440	649	650
942	589	591	650	576
943	589	650	651	576
944	337	365	367	323
945	440	526	650	589
946	589	651	650	649
947	441	589	649	501
948	329	522	523	469
949	466	532	526	535
950	571	535	526	591
951	526	588	440	532
952	526	440	535	532
953	584	588	440	526
954	526	584	589	440
955	589	526	650	591
956	527	588	584	526
957	586	527	588	584
958	649	650	440	535
959	535	649	546	440
960	526	532	527	588
961	524	573	550	574
962	650	535	651	576
963	388	170	389	171
964	389	390	171	181
965	181	385	389	380
966	388	390	43	171
967	388	392	485	389
968	390	380	389	485
969	265	581	305	310
970	355	352	525	356
971	567	284	566	356
972	581	467	542	566
973	523	469	536	329
974	466	469	522	467
975	567	568	525	468
976	466	467	525	468
977	466	532	523	536
978	574	524	571	535
979	580	481	622	572
980	252	16	22	73
981	575	573	548	552
982	571	574	535	578
983	572	571	580	468
984	364	412	411	644
985	160	161	147	319
986	366	364	411	370
987	364	411	334	333
988	363	177	178	359
989	497	498	494	491
990	495	493	492	640
991	491	495	498	493
992	37	624	55	605
993	445	624	227	228
994	646	432	445	624
995	608	44	8	109
996	624	445	646	647
997	449	460	461	453
998	459	624	54	623
999	437	624	227	445
1000	437	438	439	240
1001	339	585	528	341
1002	554	431	555	430
1003	624	623	53	54
1004	431	36	624	53
1005	437	445	429	431
1006	429	447	432	436
1007	352	232	351	375
1008	639	445	435	640
1009	228	38	18	229
1010	533	535	375	546
1011	355	352	543	525
1012	639	436	433	435
1013	353	355	269	356
1014	525	626	354	352
1015	269	355	566	356
1016	522	311	329	523
1017	566	270	284	265
1018	522	329	542	469
1019	567	264	284	568
1020	542	469	329	309
1021	542	265	264	256
1022	542	310	265	256
1023	426	617	425	100
1024	425	376	617	379
1025	365	369	376	617
1026	365	368	369	617
1027	502	587	590	563
1028	396	422	443	530
1029	394	115	442	116
1030	398	464	400	465
1031	443	470	444	442
1032	394	115	372	442
1033	419	427	540	428
1034	370	324	335	337
1035	384	507	418	487
1036	387	384	386	383
1037	420	487	486	419
1038	420	460	606	486
1039	505	405	420	507
1040	392	483	487	488
1041	419	486	606	652
1042	383	384	386	509
1043	357	409	358	517
1044	424	418	423	611
1045	251	229	521	220
1046	416	609	358	409
1047	419	486	652	428
1048	492	494	503	635
1049	479	142	154	222
1050	494	493	498	641
1051	494	436	639	641
1052	496	494	641	500
1053	494	503	635	436
1054	376	323	101	369
1055	561	316	332	317
1056	396	422	426	443
1057	425	421	99	321
1058	547	619	261	306
1059	621	422	616	425
1060	426	128	518	118
1061	617	426	118	100
1062	76	387	380	108
1063	382	486	393	392
1064	389	380	390	181
1065	165	383	380	387
1066	594	125	114	112
1067	108	76	166	380
1068	560	381	109	608
1069	485	608	390	380
1070	135	113	3	70
1071	633	615	48	29
1072	70	29	28	302
1073	302	94	93	135
1074	117	394	97	396
1075	619	621	307	425
1076	369	410	120	119
1077	617	118	369	101
1078	369	518	119	118
1079	617	369	118	518
1080	470	508	504	444
1081	518	516	517	369
1082	519	516	504	417
1083	516	130	410	119
1084	37	38	18	228
1085	646	641	493	639
1086	495	640	627	493
1087	624	605	228	445
1088	627	639	445	647
1089	430	432	461	623
1090	638	38	521	627
1091	638	627	605	38
1092	639	433	635	247
1093	640	435	247	241
1094	423	428	419	416
1095	56	537	41	541
1096	434	248	441	503
1097	537	539	489	393
1098	511	393	382	540
1099	486	382	487	392
1100	513	539	428	641
1101	636	313	588	586
1102	636	314	218	200
1103	636	588	234	235
1104	636	588	217	234
1105	196	316	151	349
1106	642	235	587	637
1107	564	636	218	637
1108	633	615	276	614
1109	29	277	27	276
1110	399	612	593	499
1111	612	593	614	615
1112	398	499	372	448
1113	593	633	613	614
1114	30	277	27	29
1115	558	48	615	49
1116	646	460	486	600
1117	392	391	483	488
1118	5	47	4	112
1119	488	592	454	487
1120	419	540	486	428
1121	539	489	486	514
1122	392	393	391	489
1123	382	389	538	385
1124	537	511	540	393
1125	496	500	515	643
1126	515	476	187	643
1127	409	500	476	515
1128	644	409	500	476
1129	515	424	359	409
1130	377	583	266	285
1131	377	292	534	604
1132	210	266	209	252
1133	431	623	53	624
1134	625	438	582	583
1135	237	495	221	492
1136	475	497	186	643
1137	474	479	174	497
1138	474	561	502	562
1139	637	565	478	224
1140	478	642	239	503
1141	478	642	236	239
1142	478	637	224	236
1143	491	174	497	173
1144	587	441	235	642
1145	636	218	637	235
1146	565	253	224	219
1147	637	642	235	236
1148	219	637	565	564
1149	561	332	564	563
1150	564	314	563	332
1151	575	580	622	572
1152	573	468	568	580
1153	580	572	468	481
1154	575	572	579	571
1155	575	578	577	574
1156	575	529	548	574
1157	621	622	616	443
1158	622	481	379	572
1159	616	622	379	579
1160	370	344	378	337
1161	520	414	368	412
1162	366	344	411	648
1163	364	335	334	411
1164	630	631	463	103
1165	370	365	367	337
1166	554	430	555	377
1167	556	484	377	266
1168	458	51	455	50
1169	554	534	51	455
1170	462	377	534	604
1171	462	534	404	604
1172	534	604	292	404
1173	458	408	455	534
1174	534	31	25	32
1175	408	534	278	292
1176	612	408	291	407
1177	534	278	25	31
1178	613	94	95	92
1179	613	614	271	288
1180	612	613	499	288
1181	197	255	305	350
1182	612	615	276	277
1183	613	620	372	95
1184	593	499	613	372
1185	107	387	381	386
1186	380	383	384	387
1187	560	44	608	109
1188	560	7	110	45
1189	136	166	75	193
1190	485	381	608	380
1191	608	108	381	136
1192	71	171	10	43
1193	474	186	497	174
1194	373	126	114	125
1195	628	167	521	152
1196	629	541	495	498
1197	437	439	435	240
1198	629	641	493	646
1199	494	436	601	645
1200	494	500	653	641
1201	545	531	215	233
1202	523	311	312	202
1203	467	469	542	468
1204	467	566	525	567
1205	581	566	542	265
1206	523	311	202	215
1207	621	552	548	530
1208	481	308	307	327
1209	627	55	38	39
1210	622	481	621	379
1211	219	565	349	315
1212	481	572	328	327
1213	622	579	572	379
1214	613	94	92	271
1215	620	594	114	112
1216	558	620	112	594
1217	593	371	373	594
1218	558	620	633	113
1219	594	451	557	558
1220	135	94	113	633
1221	379	425	326	307
1222	464	529	443	519
1223	464	465	529	400
1224	396	395	530	443
1225	616	519	518	444
1226	621	422	262	281
1227	549	395	290	448
1228	394	116	442	117
1229	616	443	519	444
1230	594	125	373	114
1231	594	125	361	373
1232	94	633	302	271
1233	302	29	28	276
1234	557	559	595	361
1235	491	174	173	154
1236	399	596	451	594
1237	557	558	451	49
1238	307	259	258	262
1239	217	636	313	588
1240	586	527	331	330
1241	619	306	307	262
1242	587	636	586	637
1243	584	587	563	590
1244	525	524	550	354
1245	587	563	637	586
1246	541	647	55	56
1247	167	541	40	168
1248	537	498	182	541
1249	539	600	486	652
1250	537	513	498	539
1251	628	638	627	495
1252	541	172	498	182
1253	629	647	514	646
1254	636	313	314	200
1255	564	563	314	586
1256	586	536	527	330
1257	586	536	532	527
1258	588	235	440	234
1259	650	526	440	535
1260	312	588	313	586
1261	636	586	314	313
1262	361	490	405	406
1263	490	110	406	361
1264	361	559	490	110
1265	450	595	451	454
1266	559	361	505	595
1267	361	112	111	125
1268	455	63	62	51
1269	361	133	125	124
1270	645	500	569	644
1271	365	366	378	370
1272	357	366	368	413
1273	644	590	414	570
1274	545	234	233	216
1275	644	590	618	414
1276	377	604	583	285
1277	569	476	644	500
1278	638	220	152	521
1279	548	529	465	574
1280	296	297	301	551
1281	551	400	407	404
1282	403	402	404	603
1283	403	550	602	297
1284	403	602	296	297
1285	52	555	35	553
1286	582	583	604	602
1287	626	352	353	354
1288	607	578	626	574
1289	607	578	651	626
1290	607	626	651	649
1291	649	446	607	375
1292	607	626	354	574
1293	472	607	578	651
1294	429	436	432	445
1295	582	603	602	604
1296	525	626	352	535
1297	574	626	354	524
1298	354	625	286	353
1299	211	583	267	210
1300	625	607	354	602
1301	626	375	535	649
1302	608	390	171	43
1303	608	108	380	381
1304	560	110	490	45
1305	608	166	193	171
1306	571	468	524	573
1307	585	591	526	584
1308	533	545	546	351
1309	533	440	546	545
1310	626	535	651	649
1311	525	550	356	354
1312	568	580	552	573
1313	525	356	550	568
1314	216	588	313	312
1315	533	375	351	546
1316	571	576	535	591
1317	548	573	550	552
1318	607	447	651	472
1319	613	272	499	288
1320	593	633	558	620
1321	371	399	593	398
1322	612	596	615	277
1323	465	574	529	400
1324	400	577	574	529
1325	598	374	400	453
1326	612	593	499	613
1327	371	398	374	400
1328	583	268	211	267
1329	446	447	607	438
1330	582	607	447	438
1331	583	602	286	604
1332	602	297	354	286
1333	492	635	503	239
1334	635	433	248	247
1335	635	248	503	239
1336	640	635	237	247
1337	628	152	638	495
1338	639	629	493	646
1339	639	492	493	640
1340	639	494	635	436
1341	639	493	492	494
1342	622	443	529	579
1343	481	379	327	307
1344	422	262	619	621
1345	415	579	379	572
1346	415	379	378	338
1347	521	15	39	72
1348	379	365	415	378
1349	376	336	425	322
1350	611	359	358	360
1351	520	618	609	599
1352	517	599	609	610
1353	517	417	599	610
1354	538	385	190	427
1355	393	389	170	183
1356	181	538	183	389
1357	608	109	136	381
1358	554	623	63	52
1359	459	65	54	647
1360	462	408	404	534
1361	623	456	63	64
1362	605	228	445	640
1363	523	532	216	312
1364	458	596	30	50
1365	154	142	143	222
1366	452	457	69	459
1367	554	63	456	455
1368	456	455	63	62
1369	642	503	246	239
1370	586	563	314	331
1371	474	478	561	480
1372	475	186	476	643
1373	587	441	642	501
1374	459	514	647	646
1375	437	36	35	226
1376	629	627	541	647
1377	647	514	65	56
1378	437	430	438	555
1379	541	514	56	537
1380	541	647	56	514
1381	445	241	640	228
1382	537	629	514	539
1383	504	507	505	417
1384	470	374	464	519
1385	597	374	453	595
1386	464	400	598	374
1387	549	552	282	530
1388	398	499	448	401
1389	70	113	3	48
1390	610	416	417	420
1391	489	57	391	67
1392	489	514	56	66
1393	489	537	41	56
1394	489	488	67	391
1395	537	489	539	514
1396	537	489	41	393
1397	486	460	489	488
1398	474	186	475	497
1399	479	154	142	155
1400	497	643	185	186
1401	491	492	222	221
1402	586	532	312	588
1403	526	535	650	591
1404	452	61	62	69
1405	235	587	637	636
1406	632	415	345	338
1407	249	439	240	435
1408	546	244	440	245
1409	533	352	351	375
1410	441	546	245	250
1411	144	152	221	220
1412	439	242	375	243
1413	440	545	234	244
1414	546	351	545	244
1415	546	243	375	244
1416	441	503	248	246
1417	515	476	177	187
1418	441	642	246	235
1419	446	649	447	436
1420	533	352	543	351
1421	381	109	136	108
1422	131	506	509	507
1423	358	410	517	506
1424	617	118	426	518
1425	506	131	509	121
1426	611	164	78	106
1427	611	106	509	383
1428	423	164	179	611
1429	611	121	105	410
1430	103	325	82	138
1431	640	241	237	228
1432	416	424	423	428
1433	377	266	484	280
1434	449	456	461	459
1435	459	65	69	64
1436	61	455	451	452
1437	459	66	69	65
1438	470	508	442	373
1439	553	554	280	33
1440	462	455	408	534
1441	449	397	408	451
1442	402	473	598	471
1443	126	361	125	373
1444	168	541	169	182
1445	559	505	361	405
1446	452	68	61	69
1447	490	454	59	559
1448	508	361	126	373
1449	446	375	439	438
1450	431	52	53	623
1451	438	583	556	582
1452	133	361	508	405
1453	462	603	582	604
1454	463	104	103	120
1455	435	437	445	429
1456	34	225	553	35
1457	429	438	430	447
1458	553	280	554	377
1459	357	358	410	517
1460	168	167	541	172
1461	516	417	519	517
1462	113	633	70	135
1463	441	246	642	503
1464	520	599	517	519
1465	643	192	185	187
1466	357	358	409	359
1467	157	316	151	196
1468	420	416	417	418
1469	418	611	506	509
1470	365	368	617	415
1471	369	516	517	410
1472	516	369	518	119
1473	630	161	195	162
1474	631	362	370	335
1475	370	335	411	344
1476	569	644	476	364
1477	412	414	648	411
1478	424	189	188	179
1479	632	411	648	414
1480	557	595	60	451
1481	411	648	344	343
1482	411	333	570	343
1483	166	608	136	108
1484	150	157	316	151
1485	488	391	483	67
1486	488	67	454	68
1487	392	488	489	391
1488	457	459	514	66
1489	452	451	449	455
1490	548	575	552	621
1491	520	577	618	599
1492	464	598	599	519
1493	456	64	69	62
1494	210	583	267	266
1495	592	595	450	454
1496	566	264	265	284
1497	303	484	252	266
1498	577	574	578	473
1499	579	577	520	519
1500	533	351	543	545
1501	266	210	208	267
1502	377	534	292	279
1503	523	536	532	312
1504	536	312	586	532
1505	536	469	340	329
1506	527	340	528	341
1507	528	466	536	527
1508	341	346	339	585
1509	527	340	536	528
1510	515	189	192	188
1511	358	517	610	417
1512	416	428	409	424
1513	423	189	424	179
1514	194	9	251	145
1515	423	180	385	190
1516	423	383	385	164
1517	611	358	424	418
1518	423	385	427	190
1519	392	488	487	486
1520	216	545	588	532
1521	638	521	38	229
1522	276	633	302	29
1523	545	351	233	244
1524	30	278	31	26
1525	546	351	244	375
1526	384	406	560	381
1527	419	606	610	652
1528	457	66	68	69
1529	382	389	393	538
1530	380	181	385	165
1531	540	486	393	382
1532	554	32	280	33
1533	560	490	110	406
1534	488	67	68	66
1535	471	472	473	654
1536	387	380	108	381
1537	384	560	485	381
1538	623	53	64	63
1539	391	41	393	42
1540	446	546	649	441
1541	457	489	460	488
1542	431	53	35	36
1543	72	229	17	38
1544	73	484	303	33
1545	459	54	65	64
1546	382	423	383	385
1547	391	483	67	58
1548	495	541	172	498
1549	97	396	274	98
1550	459	461	460	646
1551	452	61	454	451
1552	629	498	493	641
1553	148	319	160	147
1554	551	407	400	401
1555	524	568	573	468
1556	530	621	529	548
1557	539	486	428	652
1558	541	627	39	55
1559	537	629	498	541
1560	447	432	472	461
1561	41	57	391	489
1562	514	460	486	646
1563	557	49	60	47
1564	557	361	595	594
1565	558	48	49	47
1566	605	55	627	647
1567	590	414	591	576
1568	607	354	602	574
1569	225	21	35	34
1570	602	604	403	296
1571	375	244	243	232
1572	515	359	424	188
1573	602	286	604	296
1574	403	574	472	603
1575	399	612	407	408
1576	553	52	34	35
1577	377	292	604	285
1578	430	582	555	377
1579	354	550	602	574
1580	400	403	404	551
1581	408	277	291	278
1582	27	28	29	276
1583	624	36	54	53
1584	462	404	402	603
1585	431	35	53	52
1586	482	44	58	43
1587	607	578	574	472
1588	466	536	469	528
1589	385	165	181	180
1590	571	579	576	591
1591	535	578	651	576
1592	513	540	511	427
1593	599	598	610	417
1594	520	368	517	412
1595	418	420	419	487
1596	464	577	529	519
1597	509	106	122	386
1598	406	132	124	123
1599	520	414	618	579
1600	488	483	454	67
1601	489	41	393	391
1602	251	72	17	9
1603	227	19	37	36
1604	633	271	276	302
1605	490	487	483	454
1606	384	560	490	485
1607	597	505	417	374
1608	393	539	489	486
1609	62	455	452	456
1610	554	32	52	51
1611	452	454	61	68
1612	459	514	65	647
1613	501	500	569	645
1614	409	428	515	424
1615	363	359	515	177
1616	559	595	454	60
1617	558	4	48	47
1618	500	428	609	653
1619	42	57	391	41
1620	477	503	494	501
1621	494	645	500	501
1622	512	515	192	643
1623	610	654	652	606
1624	227	37	19	228
1625	599	618	609	654
1626	577	579	618	576
1627	416	419	420	610
1628	517	599	417	519
1629	625	583	286	268
1630	625	438	375	607
1631	640	247	237	241
1632	229	18	17	38
1633	639	493	627	640
1634	433	249	248	247
1635	353	625	232	375
1636	354	356	295	550
1637	528	466	524	469
1638	375	352	353	626
1639	113	4	3	48
1640	302	93	1	135
1641	426	128	117	442
1642	168	14	13	40
1643	194	72	251	9
1644	444	129	518	128
1645	519	443	470	444
1646	608	136	109	8
1647	508	127	442	126
1648	516	444	134	129
1649	610	652	654	609
1650	416	652	610	609
1651	652	654	653	600
1652	40	167	14	39
1653	537	514	56	489
1654	652	653	428	641
1655	652	600	653	641
1656	416	428	652	609
1657	33	23	24	280
1658	632	338	339	572
1659	632	648	415	414
1660	414	618	579	576
1661	644	609	500	409
1662	644	414	411	570
1663	590	618	576	645
1664	585	343	570	342
1665	373	593	620	372
1666	412	644	409	609
1667	96	395	97	394
1668	644	618	653	609
1669	585	341	527	528
1670	624	36	227	37
1671	456	64	62	63
1672	641	436	639	646
1673	313	217	201	200
1674	637	219	236	218
1675	434	635	436	433
1676	441	429	446	439
1677	454	59	60	68
1678	385	181	190	180
1679	560	485	45	490
1680	358	409	359	424
1681	434	503	635	248
1682	512	191	184	192
1683	601	651	472	654
1684	601	472	651	447
1685	482	44	43	71
1686	601	653	645	654
1687	494	601	641	653
1688	494	601	436	641
1689	601	651	436	447
1690	7	8	44	109
1691	625	438	231	375
1692	43	608	71	171
1693	166	75	76	108
1694	460	461	600	646
1695	12	169	42	170
1696	432	461	646	600
1697	560	123	406	110
1698	506	131	121	130
1699	110	406	361	124
1700	405	505	361	508
1701	405	406	132	124
1702	515	192	187	188
1703	490	384	487	406
1704	405	132	406	507
1705	406	386	132	123
1706	138	325	82	348
1707	405	132	507	133
1708	348	138	74	82
1709	528	591	526	585
1710	565	316	480	157
1711	587	588	235	440
1712	195	320	146	161
1713	494	501	436	645
1714	643	500	476	475
1715	632	345	648	343
1716	175	562	561	474
1717	478	156	155	224
1718	436	649	651	501
1719	412	411	644	414
1720	645	653	618	654
1721	587	586	636	588
1722	491	493	498	494
1723	651	501	645	436
1724	410	130	121	120
1725	653	645	644	500
1726	500	476	475	569
1727	601	645	436	651
1728	601	600	654	471
1729	650	535	649	651
1730	651	436	447	649
1731	403	607	602	574
1732	652	609	428	653
1733	599	598	417	519
1734	416	652	428	419
1735	644	653	500	609
1736	457	69	459	66
1737	520	412	618	414
1738	429	430	432	447
1739	492	640	237	495
1740	516	517	410	506
1741	639	436	445	646
1742	451	60	49	61
1743	601	600	641	653
1744	436	641	600	646
1745	584	585	591	590
1746	620	114	94	113
1747	500	653	641	428
1748	481	469	328	572
1749	457	489	66	514
1750	392	384	490	485
1751	483	454	67	59
1752	365	415	366	368
1753	483	490	59	45
1754	485	483	45	490
1755	504	405	133	508
1756	523	329	536	312
1757	46	111	110	559
1758	298	612	407	401
1759	595	60	451	454
1760	442	116	115	127
1761	620	114	373	372
1762	615	593	633	558
1763	486	606	652	600
1764	451	61	454	60
1765	469	340	572	528
1766	388	58	42	43
1767	595	373	594	361
1768	397	453	400	371
1769	594	373	593	620
1770	399	499	401	612
1771	611	105	121	106
1772	499	448	298	289
1773	273	372	499	395
1774	507	131	133	132
1775	446	649	607	447
1776	509	122	106	121
1777	626	535	574	578
1778	375	351	244	232
1779	588	440	532	545
1780	546	440	244	545
1781	439	441	250	546
1782	557	111	112	5
1783	620	113	112	114
1784	242	375	438	439
1785	613	620	95	94
1786	558	47	112	4
1787	533	440	545	532
1788	418	420	487	507
1789	515	424	189	188
1790	510	423	189	424
1791	538	190	183	511
1792	382	427	385	538
1793	382	511	540	427
1794	557	558	112	594
1795	538	511	393	382
1796	423	189	190	427
1797	382	511	427	538
1798	611	423	164	383
1799	382	385	427	423
1800	630	138	103	104
1801	544	467	581	566
1802	370	335	324	325
1803	532	526	527	466
1804	524	469	572	528
1805	463	120	105	104
1806	309	469	481	468
1807	469	572	340	328
1808	522	581	350	311
1809	535	546	649	375
1810	543	213	351	352
1811	626	352	535	375
1812	434	441	248	250
1813	232	353	352	213
1814	234	216	545	588
1815	410	120	121	105
1816	216	215	545	532
1817	533	545	531	532
1818	609	653	654	618
1819	652	654	600	606
1820	401	298	299	300
1821	383	165	164	106
1822	537	513	511	498
1823	193	71	2	136
1824	432	436	600	646
1825	494	601	653	645
1826	270	355	566	269
1827	501	436	441	503
1828	396	98	421	275
1829	569	590	644	570
1830	489	57	67	66
1831	424	359	179	188
1832	116	117	394	97
1833	499	298	448	401
1834	512	184	498	173
1835	108	166	75	136
1836	512	496	497	498
1837	524	626	525	535
1838	512	192	185	643
1839	630	463	162	104
1840	599	654	610	598
1841	387	107	76	165
1842	541	169	41	168
1843	381	108	123	109
1844	382	383	380	385
1845	107	383	386	106
1846	592	490	559	454
1847	165	77	106	107
1848	363	364	476	409
1849	515	643	500	476
1850	387	107	108	76
1851	358	517	417	506
1852	367	120	103	102
1853	361	111	124	125
1854	510	423	428	427
1855	639	433	247	435
1856	501	649	651	589
1857	513	539	641	498
1858	274	90	96	97
1859	459	624	647	54
1860	608	380	166	390
1861	322	323	85	101
1862	601	600	436	641
1863	571	591	572	579
1864	638	605	229	38
1865	476	187	176	177
1866	551	300	301	296
1867	275	547	137	98
1868	638	495	640	627
1869	492	238	635	239
1870	639	647	629	646
1871	54	37	624	55
1872	408	292	407	404
1873	612	499	298	288
1874	407	404	292	300
1875	407	298	401	300
1876	402	598	453	471
1877	397	407	401	400
1878	380	181	165	166
1879	597	453	374	598
1880	539	600	652	641
1881	450	597	453	595
1882	598	471	654	606
1883	322	86	100	85
1884	323	101	102	84
1885	516	134	131	130
1886	598	402	400	473
1887	401	612	407	399
1888	499	273	289	272
1889	362	364	334	363
1890	453	598	402	400
1891	323	85	101	84
1892	611	105	106	78
1893	516	130	506	410
1894	486	419	382	540
1895	126	133	361	508
1896	423	189	179	180
1897	80	195	138	74
1898	592	595	454	559
1899	636	313	200	217
1900	620	114	594	373
1901	374	417	598	519
1902	442	126	373	508
1903	645	618	576	654
1904	491	153	222	154
1905	420	490	487	405
1906	486	460	606	600
1907	483	490	454	59
1908	440	245	234	235
1909	432	601	436	447
1910	489	488	66	67
1911	452	68	457	454
1912	505	374	595	373
1913	565	315	316	349
1914	510	191	512	192
1915	457	68	488	454
1916	457	66	489	488
1917	597	417	610	598
1918	517	369	368	518
1919	474	155	156	175
1920	180	423	164	179
1921	562	502	570	563
1922	561	478	502	637
1923	474	175	476	186
1924	480	175	156	157
1925	515	177	359	188
1926	565	196	157	156
1927	541	627	55	647
1928	644	653	618	645
1929	476	187	643	186
1930	541	39	40	55
1931	475	502	476	474
1932	379	378	338	336
1933	196	565	253	156
1934	365	376	323	337
1935	378	648	345	344
1936	617	425	100	376
1937	611	178	163	179
1938	515	500	428	409
1939	463	611	163	105
1940	630	195	348	138
1941	496	641	428	500
1942	416	652	419	610
1943	459	624	623	646
1944	512	511	513	498
1945	630	138	104	80
1946	598	471	606	453
1947	460	471	453	606
1948	601	472	471	654
1949	389	538	183	393
1950	183	389	170	181
1951	402	603	472	461
1952	359	178	179	188
1953	359	177	178	188
1954	462	404	603	604
1955	489	56	57	66
1956	595	450	597	420
1957	486	489	460	514
1958	595	594	451	557
1959	620	95	114	372
1960	607	472	603	447
1961	549	293	530	282
1962	538	181	183	190
1963	427	191	189	190
1964	607	574	603	472
1965	607	447	649	651
1966	537	41	169	393
1967	611	179	359	178
1968	83	103	325	82
1969	388	391	393	42
1970	603	461	447	472
1971	537	393	169	183
1972	387	386	107	383
1973	483	388	58	391
1974	388	170	42	393
1975	389	385	181	538
1976	516	417	506	504
1977	162	79	80	104
1978	318	363	319	334
1979	611	383	164	106
1980	539	641	652	428
1981	507	506	509	418
1982	398	448	372	394
1983	541	172	182	168
1984	444	128	442	127
1985	393	183	170	169
1986	633	302	70	135
1987	108	387	381	107
1988	511	190	183	191
1989	372	115	373	442
1990	394	372	115	96
1991	391	57	58	67
1992	572	528	340	339
1993	481	468	469	572
1994	388	170	171	11
1995	193	608	136	166
1996	539	646	600	641
1997	382	419	427	540
1998	391	57	42	58
1999	575	579	529	577
2000	388	42	58	391
2001	619	422	621	425
2002	307	425	326	619
2003	479	222	239	223
2004	165	387	380	76
2005	521	72	251	194
2006	389	171	170	181
2007	150	157	317	316
2008	556	438	555	230
2009	379	572	327	338
2010	571	528	572	591
2011	378	337	344	345
2012	631	319	335	320
2013	520	415	617	368
2014	415	379	338	572
2015	224	155	141	156
2016	410	369	368	517
2017	426	117	100	99
2018	562	176	175	158
2019	585	414	632	591
2020	415	338	378	345
2021	39	14	15	167
2022	521	38	72	39
2023	153	144	221	143
2024	369	101	102	323
2025	495	173	172	153
2026	597	606	598	610
2027	648	415	345	632
2028	153	222	143	221
2029	168	167	14	40
2030	632	411	570	343
2031	479	223	155	142
2032	573	550	552	568
2033	502	590	570	563
2034	549	395	530	290
2035	568	264	580	468
2036	41	40	168	13
2037	161	362	319	160
2038	103	367	324	325
2039	265	566	542	264
2040	12	11	170	42
2041	466	533	535	524
2042	541	40	168	41
2043	552	568	295	283
2044	567	568	468	264
2045	393	42	169	170
2046	10	43	171	11
2047	106	383	386	509
2048	509	386	122	132
2049	388	11	171	43
2050	470	519	417	374
2051	483	58	45	59
2052	648	366	378	415
2053	504	516	134	131
2054	134	444	516	504
2055	358	517	609	610
2056	562	364	363	333
2057	386	106	122	107
2058	413	410	120	367
2059	509	386	132	507
2060	406	384	487	507
2061	59	490	559	45
2062	83	102	84	324
2063	611	78	164	163
2064	611	163	164	179
2065	360	631	463	161
2066	631	367	325	370
2067	362	160	161	178
2068	404	400	407	402
2069	631	161	360	362
2070	594	361	125	112
2071	464	374	598	519
2072	403	400	473	574
2073	464	473	577	598
2074	171	608	71	193
2075	471	600	654	606
2076	608	390	166	171
2077	577	473	654	598
2078	110	6	111	46
2079	163	79	105	78
2080	524	535	574	626
2081	407	397	402	400
2082	360	362	161	178
2083	385	164	180	423
2084	363	160	159	318
2085	463	162	104	79
2086	417	519	470	504
2087	570	563	342	333
2088	644	590	645	618
2089	458	31	50	30
2090	630	138	80	195
2091	360	178	463	611
2092	231	242	375	438
2093	478	223	224	155
2094	538	190	511	427
2095	392	490	487	483
2096	510	191	427	511
2097	643	185	186	187
2098	460	461	471	600
2099	437	35	555	226
2100	491	495	153	173
2101	39	541	40	167
2102	477	642	501	502
2103	224	155	223	141
2104	185	497	512	643
2105	639	445	647	646
2106	491	498	173	497
2107	184	173	512	185
2108	155	142	223	141
2109	621	529	443	530
2110	474	186	174	175
2111	628	495	541	172
2112	474	175	174	155
2113	541	55	40	56
2114	498	172	184	182
2115	479	223	239	478
2116	426	444	518	128
2117	521	167	194	152
2118	251	229	17	72
2119	616	519	443	579
2120	492	237	635	238
2121	451	50	61	49
2122	635	238	237	247
2123	435	247	241	249
2124	537	511	182	498
2125	647	55	65	54
2126	543	214	233	213
2127	242	249	439	240
2128	537	182	183	169
2129	623	64	53	54
2130	624	54	55	647
2131	624	36	37	54
2132	491	495	221	153
2133	393	42	41	169
2134	551	300	299	301
2135	363	515	359	409
2136	538	385	181	190
2137	510	423	424	428
2138	510	512	515	192
2139	497	185	174	186
2140	270	214	204	305
2141	512	497	173	498
2142	297	549	550	294
2143	510	192	515	189
2144	254	581	305	214
2145	496	494	498	641
2146	479	503	478	239
2147	569	645	590	501
2148	652	609	653	654
2149	494	500	645	653
2150	496	500	643	497
2151	522	467	469	542
2152	355	544	467	543
2153	353	287	356	269
2154	197	305	204	254
2155	356	568	284	295
2156	354	297	550	295
2157	575	579	622	529
2158	525	354	356	352
2159	398	465	400	401
2160	549	530	395	465
2161	619	306	321	326
2162	443	519	529	579
2163	395	273	274	290
2164	396	281	274	275
2165	599	610	654	609
2166	464	400	529	577
2167	577	579	529	519
2168	355	213	205	214
2169	355	269	270	205
2170	577	654	473	578
2171	303	209	252	16
2172	604	285	296	286
2173	177	160	363	178
2174	585	414	591	590
2175	365	370	378	337
2176	430	582	438	555
2177	366	648	378	344
2178	399	596	612	408
2179	435	241	240	249
2180	459	623	54	64
2181	556	484	266	210
2182	439	434	441	429
2183	484	252	225	22
2184	462	402	404	408
2185	598	471	473	654
2186	469	329	328	340
2187	550	403	551	297
2188	402	453	461	471
2189	228	624	227	37
2190	153	222	154	143
2191	625	438	583	231
2192	492	238	239	222
2193	602	354	297	550
2194	353	625	268	212
2195	555	226	230	240
2196	459	647	624	646
2197	601	645	651	654
2198	611	423	424	179
2199	651	472	654	578
2200	462	430	603	461
2201	551	407	401	300
2202	445	640	241	435
2203	628	167	152	172
2204	474	175	562	476
2205	632	415	591	414
2206	30	27	277	26
2207	474	479	478	155
2208	408	292	278	291
2209	41	42	12	169
2210	561	317	332	333
2211	626	651	535	578
2212	577	576	618	654
2213	512	184	182	498
2214	547	321	347	87
2215	452	456	69	62
2216	333	364	363	334
2217	530	281	293	290
2218	541	40	41	56
2219	502	587	501	590
2220	353	286	287	268
2221	500	609	428	409
2222	441	250	245	246
2223	597	453	598	606
2224	589	501	645	651
2225	217	216	588	313
2226	479	142	222	223
2227	638	220	237	221
2228	533	525	535	524
2229	352	535	375	533
2230	479	155	174	154
2231	390	181	166	171
2232	439	240	438	242
2233	41	169	13	168
2234	492	238	222	221
2235	441	642	501	503
2236	384	406	386	507
2237	406	132	386	507
2238	509	131	507	132
2239	383	106	107	165
2240	441	235	246	245
2241	564	315	332	316
2242	564	332	315	314
2243	441	250	246	248
2244	635	248	238	247
2245	45	482	485	44
2246	229	605	228	38
2247	445	228	227	241
2248	605	228	640	229
2249	592	488	460	486
2250	387	165	383	107
2251	459	64	69	456
2252	449	455	461	456
2253	555	554	52	431
2254	144	145	152	220
2255	110	45	46	559
2256	375	242	231	243
2257	416	609	409	428
2258	610	654	606	598
2259	628	167	541	39
2260	418	611	509	383
2261	106	509	121	611
2262	509	121	611	506
2263	567	356	568	284
2264	395	448	499	289
2265	476	176	186	175
2266	588	234	440	545
2267	590	618	414	576
2268	532	215	545	531
2269	353	232	625	212
2270	552	295	568	550
2271	621	422	530	443
2272	270	214	205	204
2273	394	115	116	96
2274	395	273	290	289
2275	542	469	309	468
2276	634	481	580	263
2277	415	579	572	591
2278	226	21	35	225
2279	555	225	226	35
2280	574	472	473	403
2281	225	22	21	34
2282	589	501	590	645
2283	575	574	577	529
2284	139	196	253	140
2285	551	300	401	299
2286	294	552	549	550
2287	480	175	157	158
2288	464	465	443	529
2289	551	401	448	299
2290	549	448	299	551
2291	362	370	364	357
2292	523	531	466	522
2293	526	585	527	528
2294	564	636	586	314
2295	578	574	472	473
2296	353	354	352	356
2297	637	224	236	219
2298	589	645	590	576
2299	110	6	46	45
2300	158	317	157	480
2301	516	444	518	519
2302	632	415	338	572
2303	563	332	342	333
2304	366	414	415	648
2305	512	184	185	192
2306	504	417	506	507
2307	372	272	95	273
2308	358	517	409	609
2309	374	464	398	470
2310	577	599	654	618
2311	421	98	396	117
2312	417	506	507	418
2313	259	261	306	260
2314	484	34	33	73
2315	429	435	437	439
2316	601	653	654	600
2317	554	456	462	455
2318	554	32	279	280
2319	48	633	70	113
2320	448	299	401	298
2321	534	32	51	31
2322	494	503	436	501
2323	442	128	117	116
2324	638	229	237	220
2325	243	375	439	546
2326	522	350	581	310
2327	645	651	654	576
2328	523	329	312	311
2329	437	555	438	240
2330	369	101	118	119
2331	440	649	546	441
2332	226	20	36	35
2333	214	581	305	270
2334	497	185	173	174
2335	379	326	327	307
2336	616	444	426	443
2337	216	201	313	217
2338	309	257	256	264
2339	577	576	654	578
2340	426	444	128	442
2341	616	426	444	518
2342	425	322	336	326
2343	531	214	215	233
2344	356	269	287	284
2345	550	403	574	551
2346	272	372	499	273
2347	468	469	572	524
2348	264	580	481	263
2349	650	591	535	576
2350	552	295	550	294
2351	547	275	261	422
2352	527	466	536	532
2353	625	232	231	212
2354	596	451	558	49
2355	97	395	96	274
2356	549	293	301	299
2357	553	52	33	34
2358	478	223	239	236
2359	373	126	115	114
2360	549	548	552	530
2361	551	407	300	404
2362	442	127	128	116
2363	414	579	591	576
2364	363	159	160	177
2365	384	419	383	382
2366	534	292	279	278
2367	459	461	646	623
2368	639	635	433	436
2369	441	440	235	245
2370	554	377	280	279
2371	317	561	480	158
2372	354	295	287	297
2373	602	297	286	296
2374	429	438	437	430
2375	231	212	211	583
2376	421	117	99	98
2377	501	477	475	494
2378	261	422	262	619
2379	426	128	118	117
2380	551	404	300	296
2381	307	259	262	306
2382	477	503	501	642
2383	351	244	232	233
2384	572	340	328	339
2385	612	499	401	298
2386	621	580	481	622
2387	277	615	29	30
2388	376	425	100	322
2389	536	469	528	340
2390	581	305	350	254
2391	273	96	90	91
2392	472	473	654	578
2393	615	49	48	29
2394	520	519	616	579
2395	511	182	512	191
2396	553	225	34	484
2397	412	644	618	414
2398	534	25	279	32
2399	469	328	329	309
2400	527	536	340	330
2401	434	249	433	435
2402	587	636	235	588
2403	522	542	581	467
2404	454	60	61	68
2405	583	285	267	266
2406	531	523	215	311
2407	353	232	212	213
2408	432	472	461	471
2409	585	570	563	342
2410	280	279	24	32
2411	536	312	329	330
2412	377	266	280	285
2413	635	248	239	238
2414	604	404	296	292
2415	460	471	461	453
2416	511	427	190	191
2417	152	220	145	194
2418	430	456	623	461
2419	411	333	343	334
2420	583	286	267	285
2421	504	507	133	405
2422	206	213	205	269
2423	207	211	212	268
2424	647	65	55	56
2425	455	62	61	50
2426	458	277	278	30
2427	442	115	126	127
2428	613	272	372	499
2429	372	115	95	114
2430	621	616	379	425
2431	354	524	550	574
2432	462	456	461	455
2433	276	615	29	277
2434	612	276	615	614
2435	549	301	293	294
2436	277	276	612	288
2437	294	301	297	549
2438	448	290	549	299
2439	404	300	296	292
2440	297	403	551	296
2441	499	298	288	289
2442	630	325	320	631
2443	509	131	122	121
2444	508	126	134	127
2445	448	299	298	289
2446	505	361	508	373
2447	370	344	337	335
2448	207	212	206	268
2449	631	463	161	630
2450	516	130	129	134
2451	354	286	297	287
2452	583	267	286	268
2453	412	409	517	609
2454	454	68	67	59
2455	303	23	16	73
2456	612	277	288	291
2457	146	161	320	147
2458	602	354	625	286
2459	353	269	206	268
2460	581	310	265	542
2461	355	270	214	205
2462	29	633	302	70
2463	302	1	70	135
2464	33	484	303	280
2465	633	613	94	620
2466	564	199	218	314
2467	596	30	615	277
2468	330	536	312	586
2469	273	95	96	91
2470	276	612	288	614
2471	546	243	245	250
2472	613	272	95	372
2473	546	244	245	243
2474	620	94	114	95
2475	193	2	71	10
2476	94	92	271	93
2477	608	71	193	136
2478	102	367	324	103
2479	372	115	96	95
2480	491	479	154	222
2481	632	528	572	339
2482	444	129	127	134
2483	545	233	234	244
2484	376	322	100	101
2485	544	566	581	270
2486	571	578	535	576
2487	376	322	101	323
2488	425	322	326	321
2489	585	342	331	341
2490	585	342	563	331
2491	518	128	129	118
2492	563	342	332	331
2493	543	351	233	545
2494	426	117	118	100
2495	178	360	463	161
2496	502	587	637	642
2497	478	224	223	236
2498	586	588	527	532
2499	267	210	208	211
2500	552	282	283	294
2501	581	566	305	270
2502	542	264	468	309
2503	435	433	247	249
2504	630	631	103	325
2505	148	318	159	160
2506	403	404	604	603
2507	367	369	410	120
2508	146	74	348	195
2509	364	411	370	335
2510	303	33	23	73
2511	630	161	631	320
2512	348	630	325	320
2513	139	196	349	253
2514	585	346	342	341
2515	199	198	315	219
2516	348	138	195	74
2517	475	643	500	497
2518	197	254	350	305
2519	564	199	315	219
2520	478	637	236	642
2521	150	149	317	158
2522	585	586	527	331
2523	316	561	480	317
2524	516	130	119	129
2525	372	95	96	273
2526	350	310	255	305
2527	410	130	120	119
2528	611	358	359	424
2529	562	176	158	159
2530	388	43	42	11
2531	265	255	256	310
2532	547	98	99	137
2533	203	350	197	254
2534	304	547	137	275
2535	137	275	88	304
2536	137	347	304	81
2537	523	202	216	215
2538	350	215	203	311
2539	581	215	214	254
2540	328	309	469	481
2541	634	262	621	307
2542	562	333	318	317
2543	395	448	372	499
2544	619	326	307	306
2545	642	236	239	246
2546	502	637	563	561
2547	480	478	565	156
2548	396	394	443	426
2549	165	164	180	385
2550	564	219	637	218
2551	496	497	494	500
2552	224	156	140	253
2553	648	344	343	345
2554	394	426	117	442
2555	527	340	341	330
2556	322	321	100	86
2557	323	102	324	84
2558	376	336	322	323
2559	376	378	379	336
2560	584	585	590	563
2561	510	515	424	189
2562	364	476	409	644
2563	362	335	319	334
2564	561	562	563	502
2565	636	217	200	218
2566	356	568	295	550
2567	588	532	312	216
2568	522	310	329	311
2569	315	219	198	349
2570	636	235	217	218
2571	312	201	216	202
2572	589	651	645	576
2573	536	330	329	340
2574	585	414	570	632
2575	515	177	188	187
2576	651	578	654	576
2577	567	467	542	468
2578	444	129	128	127
2579	479	478	155	223
2580	572	338	339	327
2581	632	345	343	346
2582	637	235	218	236
2583	634	283	282	263
2584	524	626	354	525
2585	593	633	620	613
2586	481	328	308	327
2587	636	217	235	234
2588	411	334	343	344
2589	562	159	149	318
2590	149	148	318	159
2591	634	263	282	262
2592	562	363	159	318
2593	562	149	158	317
2594	360	362	178	359
2595	379	327	326	338
2596	306	547	347	261
2597	632	345	346	338
2598	334	363	319	362
2599	148	319	318	160
2600	481	258	308	263
2601	348	320	146	195
2602	319	161	147	320
2603	281	262	621	282
2604	634	258	263	262
2605	320	631	319	161
2606	630	161	162	463
2607	413	368	410	367
2608	549	293	290	530
2609	434	248	249	250
2610	476	187	186	176
2611	364	411	333	570
2612	150	157	158	317
2613	561	562	333	563
2614	273	274	90	96
2615	273	95	91	272
2616	542	264	309	256
2617	530	293	281	282
2618	572	328	327	339
2619	365	367	323	369
2620	303	252	73	16
2621	398	374	372	371
2622	547	99	321	87
2623	347	261	260	306
2624	363	160	318	319
2625	325	103	83	324
2626	422	261	262	281
2627	437	240	241	227
2628	589	591	576	590
2629	451	449	455	408
2630	322	100	101	85
2631	444	508	504	134
2632	400	577	473	574
2633	523	312	216	202
2634	311	202	215	203
2635	208	211	207	267
2636	137	88	81	304
2637	556	230	225	210
2638	394	426	442	443
2639	99	86	321	87
2640	347	260	304	81
2641	308	264	257	309
2642	560	109	123	110
2643	308	309	481	264
2644	207	267	211	268
2645	437	226	227	36
2646	555	230	226	225
2647	563	314	331	332
2648	561	564	637	563
2649	586	331	313	330
2650	586	330	313	312
2651	585	563	570	590
2652	642	235	236	246
2653	502	587	642	501
2654	484	73	303	252
2655	484	225	34	22
2656	578	571	575	576
2657	375	232	243	231
2658	354	626	625	353
2659	430	447	603	461
2660	583	230	211	231
2661	554	51	52	63
2662	377	292	285	279
2663	455	51	62	50
2664	407	298	300	291
2665	441	587	440	589
2666	354	295	356	287
2667	623	52	53	63
2668	266	484	252	210
2669	583	438	230	231
2670	212	625	583	231
2671	510	192	189	191
2672	604	296	285	292
2673	586	331	314	313
2674	640	228	237	229
2675	639	629	627	493
2676	504	519	470	444
2677	46	111	559	557
2678	585	343	342	346
2679	502	476	474	562
2680	470	372	373	442
2681	483	67	58	59
2682	45	490	559	110
2683	560	44	109	7
2684	570	342	343	333
2685	164	383	385	165
2686	518	129	119	118
2687	503	239	248	246
2688	439	249	242	250
2689	254	215	203	350
2690	633	94	613	271
2691	632	338	346	339
2692	156	565	253	224
2693	452	455	62	61
2694	489	56	41	57
2695	41	12	13	169
2696	406	124	110	123
2697	6	5	111	46
2698	557	5	112	47
2699	565	219	564	315
2700	199	200	218	314
2701	19	228	37	18
2702	20	227	36	19
2703	492	238	221	237
2704	495	221	153	152
2705	153	144	152	221
2706	605	37	38	55
2707	646	460	459	514
2708	611	78	163	105
2709	164	165	77	106
2710	492	237	640	635
2711	278	31	26	25
2712	633	276	615	29
2713	633	613	614	271
2714	498	172	173	184
2715	491	153	154	173
2716	407	291	300	292
2717	458	278	534	31
2718	386	122	123	107
2719	513	428	539	540
2720	554	430	456	623
2721	423	180	190	189
2722	633	271	614	276
2723	613	272	288	271
2724	521	15	167	39
2725	302	70	1	28
2726	613	272	92	95
2727	638	605	627	640
2728	1	70	135	3
2729	194	15	72	9
2730	405	132	133	124
2731	509	131	132	122
2732	557	594	112	361
2733	386	132	123	122
2734	220	521	194	152
2735	380	390	181	166
2736	361	111	110	124
2737	647	627	605	445
2738	595	371	374	453
2739	504	133	131	134
2740	506	410	130	121
2741	477	494	503	492
2742	557	46	111	5
2743	110	7	6	45
2744	495	172	152	153
2745	376	336	323	337
2746	95	91	272	92
2747	139	151	349	196
2748	481	379	572	327
2749	491	153	221	222
2750	520	414	579	415
2751	94	113	633	620
2752	395	273	372	96
2753	634	580	283	263
2754	439	243	250	242
2755	165	76	77	107
2756	164	77	78	106
2757	547	347	304	137
2758	547	137	87	347
2759	425	321	99	100
2760	613	272	271	92
2761	135	633	302	94
2762	397	399	407	408
2763	482	44	45	58
2764	560	7	45	44
2765	369	102	101	119
2766	274	89	90	97
2767	119	120	369	102
2768	562	176	363	476
2769	577	599	598	654
2770	193	171	10	71
2771	193	2	75	136
2772	425	322	321	100
2773	465	443	530	395
2774	527	341	331	330
2775	263	634	481	258
