4080				
1	259	260	261	262
2	263	264	265	266
3	267	268	269	261
4	260	261	262	269
5	270	271	272	183
6	273	274	275	260
7	260	276	277	278
8	260	277	276	269
9	279	280	232	281
10	261	282	267	77
11	260	261	268	275
12	261	275	77	268
13	283	261	284	262
14	261	285	283	286
15	286	261	282	287
16	288	289	290	291
17	275	259	260	261
18	292	57	56	232
19	293	294	295	296
20	293	297	296	298
21	293	299	298	300
22	301	205	302	217
23	303	205	302	301
24	304	301	305	306
25	304	307	308	309
26	307	310	311	304
27	310	312	303	304
28	313	314	315	316
29	313	317	318	319
30	313	318	320	314
31	313	315	320	321
32	313	322	323	319
33	324	325	326	327
34	325	299	328	329
35	325	327	324	330
36	325	331	326	332
37	333	334	335	336
38	293	325	298	299
39	325	327	330	337
40	327	332	325	326
41	293	332	325	327
42	338	339	340	341
43	342	338	340	343
44	333	344	345	329
45	338	346	347	348
46	349	350	351	352
47	352	353	350	351
48	354	355	356	357
49	355	356	357	352
50	352	358	359	356
51	352	353	351	358
52	360	108	109	121
53	352	355	361	349
54	352	359	361	355
55	284	362	363	277
56	277	364	278	365
57	352	358	356	357
58	359	356	366	367
59	359	368	305	367
60	359	305	355	356
61	359	333	335	336
62	359	335	333	351
63	369	370	371	372
64	369	373	374	375
65	375	376	360	369
66	344	377	378	329
67	369	379	370	380
68	373	369	381	376
69	382	383	358	384
70	355	301	385	354
71	355	306	301	354
72	355	301	306	305
73	386	387	348	346
74	386	346	388	387
75	386	387	389	348
76	386	347	215	201
77	386	390	391	211
78	386	390	211	215
79	263	264	392	265
80	263	393	394	171
81	395	266	264	396
82	266	264	396	263
83	263	393	264	394
84	263	397	396	398
85	399	400	343	176
86	401	124	123	114
87	399	402	73	100
88	399	387	193	403
89	399	403	193	176
90	152	404	151	405
91	406	333	358	407
92	405	408	409	138
93	410	405	408	411
94	405	404	410	412
95	405	409	411	137
96	293	294	332	413
97	411	137	151	405
98	414	412	152	138
99	415	416	417	418
100	405	412	408	138
101	363	419	420	421
102	283	363	419	420
103	420	419	422	421
104	415	423	424	381
105	363	425	426	419
106	421	427	428	425
107	419	421	425	429
108	430	248	253	247
109	421	419	425	363
110	421	427	431	422
111	421	429	431	425
112	432	388	433	346
113	432	434	342	435
114	432	433	342	346
115	432	388	164	433
116	432	403	176	164
117	432	177	435	180
118	119	436	118	437
119	438	436	439	440
120	436	440	438	441
121	436	437	440	441
122	442	443	444	445
123	436	440	446	103
124	436	439	312	310
125	436	102	312	103
126	447	310	118	102
127	310	118	102	436
128	448	445	442	213
129	449	173	450	451
130	449	179	278	452
131	449	453	452	276
132	449	451	365	454
133	449	453	276	365
134	449	454	278	185
135	283	455	286	285
136	283	456	363	284
137	448	316	457	315
138	92	458	83	382
139	458	459	460	461
140	462	375	376	360
141	458	83	382	461
142	130	13	2	98
143	358	382	461	458
144	228	463	464	465
145	458	459	406	407
146	458	358	406	461
147	458	407	383	466
148	467	394	468	469
149	470	469	471	472
150	467	470	471	473
151	471	467	474	411
152	470	411	469	467
153	475	50	135	136
154	476	381	477	478
155	479	120	106	476
156	480	479	120	106
157	476	381	360	481
158	476	107	360	121
159	476	479	477	381
160	212	448	213	457
161	448	482	197	465
162	448	316	465	442
163	448	482	196	197
164	315	448	316	465
165	483	67	227	68
166	448	213	442	197
167	448	315	212	196
168	390	484	485	211
169	486	101	487	349
170	390	484	215	488
171	390	484	489	485
172	490	390	488	484
173	390	489	484	490
174	390	341	391	489
175	390	348	391	341
176	491	131	104	492
177	493	494	495	496
178	493	494	496	497
179	493	498	497	499
180	493	500	501	502
181	493	498	499	503
182	494	504	505	493
183	506	493	505	500
184	493	501	506	503
185	299	507	508	509
186	510	299	511	509
187	512	299	511	510
188	299	429	509	508
189	513	514	515	372
190	513	516	517	518
191	519	372	520	513
192	513	521	514	372
193	522	521	523	513
194	524	525	98	526
195	524	413	160	525
196	524	525	14	98
197	524	525	160	14
198	524	527	148	528
199	529	530	531	515
200	529	515	371	530
201	314	465	532	464
202	374	140	533	529
203	529	534	535	140
204	529	536	374	531
205	529	536	238	533
206	537	538	539	142
207	537	294	155	295
208	155	143	540	294
209	537	294	512	541
210	542	543	544	316
211	537	539	545	142
212	545	537	546	539
213	406	461	358	351
214	406	547	351	335
215	406	548	351	547
216	429	298	300	419
217	277	362	421	549
218	421	429	419	422
219	429	550	551	511
220	429	419	422	552
221	429	431	377	422
222	524	160	148	14
223	421	429	422	431
224	301	553	354	306
225	496	554	499	222
226	303	355	301	555
227	304	218	308	307
228	355	306	354	305
229	301	385	553	217
230	304	308	306	305
231	439	103	556	440
232	439	556	206	557
233	558	199	559	560
234	558	226	561	195
235	558	291	562	560
236	192	3	19	99
237	558	230	291	560
238	558	258	8	195
239	558	199	562	226
240	563	564	86	384
241	558	8	258	64
242	565	394	468	467
243	565	397	234	247
244	565	566	567	430
245	565	567	566	408
246	467	408	468	565
247	314	465	316	544
248	565	468	397	430
249	263	266	568	398
250	392	393	569	264
251	263	392	170	568
252	392	393	175	569
253	171	393	175	392
254	570	171	393	175
255	280	246	232	233
256	571	150	158	572
257	263	392	393	171
258	570	573	473	394
259	470	473	570	475
260	570	473	574	475
261	315	196	320	557
262	406	328	333	407
263	406	334	328	575
264	333	344	508	334
265	333	344	334	336
266	415	576	521	523
267	415	577	424	578
268	578	415	523	576
269	415	521	576	423
270	415	579	418	580
271	415	521	423	381
272	415	381	580	521
273	415	577	579	581
274	524	15	80	14
275	524	15	527	80
276	527	582	79	16
277	527	528	147	148
278	527	80	583	528
279	527	583	584	528
280	585	586	331	81
281	325	585	332	297
282	585	583	297	587
283	585	526	583	81
284	538	143	588	30
285	538	110	589	32
286	538	541	590	591
287	538	589	142	32
288	537	538	142	143
289	592	209	208	27
290	538	590	541	539
291	593	594	595	596
292	500	594	506	597
293	598	356	366	599
294	596	443	503	600
295	596	601	595	593
296	596	597	600	503
297	448	197	196	212
298	602	603	241	481
299	603	241	481	604
300	604	106	605	37
301	476	481	604	479
302	604	606	479	481
303	476	106	604	107
304	604	605	240	37
305	604	603	606	481
306	440	438	441	437
307	436	438	310	441
308	446	436	119	437
309	437	322	319	440
310	440	322	319	323
311	310	438	436	439
312	103	436	119	446
313	607	534	45	139
314	607	566	530	408
315	607	408	530	412
316	607	138	408	412
317	607	409	138	47
318	607	530	139	414
319	608	609	610	611
320	608	609	611	612
321	613	612	229	608
322	559	613	612	229
323	612	609	614	608
324	608	229	613	245
325	277	549	273	364
326	421	422	549	427
327	549	273	615	420
328	549	616	427	617
329	549	615	273	618
330	549	427	618	617
331	205	307	304	312
332	312	310	303	102
333	312	40	556	103
334	312	556	40	206
335	293	295	512	300
336	325	298	297	293
337	537	155	154	295
338	294	528	332	413
339	619	84	350	353
340	620	501	621	622
341	155	148	296	294
342	270	183	272	169
343	568	266	271	272
344	392	170	568	184
345	568	266	265	271
346	568	265	184	183
347	456	296	623	300
348	624	296	625	626
349	627	628	629	630
350	456	623	419	300
351	283	456	284	625
352	419	426	300	429
353	283	419	552	420
354	296	623	631	625
355	623	631	625	455
356	283	455	623	625
357	283	455	632	623
358	455	285	632	90
359	455	285	582	286
360	455	582	285	79
361	455	285	90	79
362	619	353	627	633
363	593	634	594	500
364	635	188	636	181
365	493	504	500	502
366	500	502	637	638
367	500	597	639	594
368	568	292	170	398
369	266	398	280	272
370	568	271	183	272
371	266	395	265	640
372	263	266	398	396
373	263	393	392	264
374	263	170	392	171
375	568	398	266	272
376	277	273	420	262
377	269	641	145	642
378	269	643	276	642
379	269	276	268	642
380	277	276	269	643
381	260	262	277	269
382	269	261	287	267
383	644	132	645	256
384	629	354	646	563
385	132	647	162	644
386	644	162	132	5
387	644	162	5	44
388	644	44	533	162
389	370	380	539	648
390	370	380	379	539
391	649	370	539	648
392	370	371	649	379
393	370	648	520	522
394	650	97	651	619
395	650	223	129	1
396	592	27	628	69
397	650	628	630	223
398	650	223	1	28
399	650	628	223	28
400	566	652	248	237
401	565	567	408	468
402	566	653	567	430
403	566	430	247	248
404	654	190	271	655
405	333	358	656	657
406	359	345	356	657
407	377	508	329	344
408	344	377	658	659
409	507	344	334	508
410	344	658	508	507
411	344	336	659	658
412	558	8	64	226
413	326	660	130	112
414	326	113	331	324
415	661	662	663	636
416	661	664	665	666
417	663	661	181	182
418	636	661	181	663
419	661	665	166	666
420	661	182	667	166
421	623	587	584	632
422	623	298	668	552
423	283	259	262	420
424	623	298	552	419
425	283	455	285	632
426	292	669	169	57
427	568	169	292	272
428	292	281	272	169
429	568	292	169	170
430	592	70	27	69
431	292	280	233	398
432	292	669	57	232
433	292	281	280	398
434	415	521	418	417
435	579	416	542	577
436	670	579	416	542
437	579	671	542	670
438	579	672	671	670
439	561	562	673	203
440	579	580	479	671
441	674	43	223	204
442	579	580	581	479
443	415	521	580	418
444	313	579	319	671
445	579	581	577	319
446	495	488	216	219
447	675	676	51	135
448	135	675	572	134
449	675	450	134	677
450	675	677	52	173
451	52	675	134	677
452	675	678	450	451
453	675	451	174	676
454	675	676	174	51
455	265	184	183	190
456	679	273	274	275
457	680	275	679	274
458	388	681	164	433
459	568	169	183	170
460	274	76	682	680
461	274	278	680	179
462	274	452	276	278
463	274	275	76	680
464	662	667	622	666
465	213	457	220	212
466	293	325	332	297
467	683	587	297	298
468	585	328	331	459
469	683	298	329	668
470	325	298	329	683
471	596	594	684	597
472	596	506	593	594
473	594	595	596	684
474	684	518	685	594
475	596	686	609	687
476	596	687	684	595
477	500	505	506	593
478	338	688	689	690
479	691	469	472	692
480	688	693	502	690
481	500	504	688	502
482	688	694	505	637
483	621	611	695	560
484	621	443	695	611
485	501	621	662	597
486	621	503	597	501
487	696	181	635	636
488	621	443	503	620
489	621	288	697	622
490	698	379	380	539
491	379	369	375	698
492	699	110	590	698
493	589	699	110	590
494	698	699	109	360
495	698	380	700	701
496	698	109	699	110
497	698	701	122	110
498	17	641	145	282
499	681	702	201	703
500	282	287	145	704
501	282	287	704	286
502	282	78	286	582
503	261	78	282	77
504	282	286	146	582
505	290	611	687	600
506	290	705	600	687
507	290	613	279	610
508	621	290	600	611
509	290	706	707	600
510	442	443	543	609
511	442	612	443	609
512	442	708	612	465
513	442	443	445	543
514	442	197	444	708
515	262	283	261	259
516	662	502	501	500
517	500	501	597	506
518	502	709	693	710
519	690	502	711	709
520	502	664	710	638
521	688	637	502	712
522	711	688	504	502
523	502	711	709	501
524	585	332	583	526
525	278	185	178	179
526	79	583	584	527
527	583	297	528	332
528	407	585	587	466
529	585	91	583	587
530	583	297	587	584
531	583	584	91	79
532	538	588	111	30
533	538	590	539	142
534	541	713	539	701
535	714	643	149	133
536	714	453	677	450
537	714	450	678	365
538	714	678	572	571
539	714	678	134	572
540	714	715	150	149
541	279	705	610	716
542	279	280	281	705
543	279	669	281	232
544	279	231	669	232
545	610	246	245	279
546	252	610	246	245
547	300	296	295	626
548	717	396	398	280
549	292	280	281	232
550	292	280	232	233
551	627	633	353	357
552	699	718	141	647
553	280	717	396	716
554	280	398	717	233
555	280	717	716	246
556	590	539	698	701
557	456	623	296	625
558	370	380	648	510
559	283	284	363	262
560	698	380	478	700
561	449	453	450	172
562	283	286	625	284
563	719	362	715	571
564	432	388	403	164
565	388	347	681	433
566	523	593	659	720
567	681	386	201	347
568	580	481	602	373
569	436	441	310	118
570	373	580	381	721
571	580	721	722	514
572	602	580	373	722
573	723	724	168	195
574	696	180	181	165
575	558	724	291	723
576	683	328	407	329
577	563	627	633	629
578	723	291	258	231
579	344	658	507	336
580	292	56	169	170
581	601	542	725	543
582	542	544	543	601
583	542	416	726	577
584	556	492	40	207
585	313	577	579	542
586	542	727	577	726
587	726	542	725	601
588	313	316	542	314
589	728	105	491	131
590	728	729	239	730
591	728	730	255	731
592	732	733	734	87
593	732	733	71	391
594	732	402	73	340
595	732	71	733	87
596	732	402	72	73
597	369	376	360	381
598	376	242	735	373
599	376	735	645	108
600	731	131	225	6
601	540	155	148	144
602	360	735	481	376
603	376	381	373	481
604	376	735	108	360
605	706	600	597	707
606	266	706	736	271
607	737	687	595	738
608	684	594	685	639
609	706	270	289	663
610	290	706	281	289
611	453	643	642	276
612	266	706	685	736
613	728	729	491	105
614	599	598	739	366
615	731	225	68	6
616	366	739	494	354
617	345	356	599	366
618	557	439	740	323
619	366	336	367	659
620	366	598	739	354
621	406	401	575	328
622	548	459	114	401
623	460	548	459	114
624	401	324	114	123
625	401	324	459	114
626	443	600	609	611
627	443	609	612	611
628	621	443	620	695
629	604	107	735	481
630	107	360	735	481
631	735	481	373	241
632	735	645	108	35
633	729	240	606	605
634	320	729	741	730
635	729	318	730	320
636	729	318	240	239
637	729	491	105	317
638	729	323	491	317
639	729	317	606	318
640	283	261	259	285
641	261	284	262	287
642	261	282	78	286
643	477	120	127	126
644	285	286	78	582
645	285	259	90	89
646	573	742	234	394
647	470	570	394	393
648	570	394	393	171
649	573	394	234	257
650	573	473	394	257
651	709	743	554	488
652	711	709	347	690
653	690	693	709	347
654	709	681	710	664
655	690	711	744	347
656	291	745	724	288
657	291	288	724	562
658	723	291	168	724
659	291	289	281	669
660	741	207	492	740
661	268	269	261	260
662	275	746	679	273
663	275	746	273	259
664	714	133	134	677
665	714	365	453	450
666	453	643	365	714
667	362	715	571	714
668	269	287	643	642
669	453	643	133	642
670	276	453	643	365
671	538	111	591	110
672	685	594	518	747
673	684	518	594	595
674	685	395	518	748
675	684	685	738	705
676	692	691	640	749
677	684	597	594	639
678	685	395	748	396
679	266	395	685	396
680	596	543	443	609
681	609	687	611	600
682	608	612	244	614
683	245	608	244	610
684	614	610	252	244
685	503	543	445	443
686	609	610	611	687
687	442	543	544	609
688	536	375	462	647
689	536	531	242	373
690	536	533	256	238
691	529	238	536	531
692	536	645	242	256
693	644	533	536	647
694	293	327	337	512
695	326	750	526	331
696	327	112	588	751
697	325	330	328	337
698	293	512	541	327
699	326	751	660	112
700	682	752	268	642
701	682	452	179	192
702	682	268	99	76
703	540	751	294	143
704	646	598	490	753
705	753	733	564	341
706	753	71	733	489
707	753	646	70	489
708	753	489	70	71
709	753	563	598	564
710	749	747	754	640
711	538	591	590	110
712	264	395	469	691
713	692	755	428	747
714	692	640	691	395
715	692	747	395	516
716	293	294	751	541
717	407	585	328	683
718	526	332	583	80
719	585	526	81	331
720	585	586	459	331
721	297	296	298	584
722	293	297	332	296
723	583	528	297	584
724	528	297	296	332
725	325	585	683	328
726	277	278	276	365
727	433	164	180	165
728	274	682	179	680
729	454	756	757	364
730	756	278	364	454
731	364	616	757	454
732	549	364	757	273
733	364	756	757	679
734	364	273	278	679
735	756	758	679	178
736	539	546	545	649
737	756	757	435	759
738	756	278	185	178
739	679	278	364	756
740	479	606	317	319
741	319	479	480	317
742	479	319	671	606
743	476	481	479	381
744	580	479	606	481
745	604	479	606	106
746	479	319	437	581
747	479	477	581	437
748	289	288	667	745
749	589	141	718	142
750	745	673	288	667
751	289	182	168	745
752	270	289	182	168
753	745	167	724	673
754	745	168	724	167
755	746	758	75	679
756	746	259	89	88
757	483	68	225	196
758	746	273	259	760
759	88	761	74	746
760	762	88	761	74
761	746	679	273	761
762	746	273	760	761
763	325	298	299	329
764	541	701	591	713
765	327	713	512	541
766	591	701	110	122
767	591	700	713	701
768	591	713	700	330
769	591	123	330	122
770	86	734	94	564
771	129	9	97	1
772	734	733	86	87
773	732	734	341	340
774	753	489	733	341
775	733	391	341	489
776	523	513	763	522
777	369	370	423	380
778	370	423	576	521
779	580	721	521	381
780	370	521	576	522
781	688	764	618	689
782	764	739	599	765
783	694	377	766	764
784	641	17	18	77
785	764	494	739	689
786	326	660	525	130
787	331	324	325	326
788	326	660	751	413
789	326	130	750	113
790	660	588	751	144
791	660	413	144	751
792	727	311	368	309
793	727	726	767	577
794	727	309	768	725
795	727	769	322	438
796	561	673	562	724
797	561	60	673	167
798	561	562	203	226
799	561	60	59	203
800	439	310	438	307
801	439	557	307	769
802	439	769	321	557
803	307	557	206	212
804	304	205	218	307
805	312	307	206	205
806	651	770	10	116
807	651	487	619	350
808	669	57	168	169
809	651	619	97	84
810	650	651	487	619
811	650	651	97	129
812	727	311	309	438
813	368	767	659	336
814	659	368	768	767
815	368	305	311	361
816	368	311	771	335
817	764	494	689	504
818	739	689	765	764
819	739	354	490	495
820	366	356	354	367
821	341	689	765	739
822	772	594	518	595
823	772	593	594	595
824	772	594	634	747
825	772	594	747	518
826	772	593	763	720
827	772	720	773	774
828	313	729	320	318
829	542	727	313	577
830	440	322	769	438
831	313	322	321	323
832	438	775	437	322
833	441	438	775	437
834	727	368	311	771
835	727	775	322	577
836	752	161	3	18
837	682	192	776	452
838	752	776	161	642
839	776	682	642	752
840	752	192	3	161
841	752	641	99	268
842	752	641	18	99
843	453	677	450	172
844	262	269	261	287
845	269	268	641	642
846	269	268	267	641
847	449	278	365	276
848	486	487	101	116
849	115	486	770	461
850	486	350	487	116
851	777	214	203	199
852	486	351	350	461
853	486	547	548	117
854	486	349	351	547
855	589	32	110	109
856	283	552	623	632
857	297	298	587	584
858	380	510	778	713
859	623	298	296	584
860	293	541	751	327
861	371	515	374	721
862	371	379	535	649
863	371	414	535	530
864	371	515	779	530
865	371	535	379	374
866	371	779	372	520
867	603	671	780	318
868	603	243	318	780
869	603	602	241	250
870	603	318	243	240
871	589	141	699	718
872	589	699	141	781
873	589	699	109	110
874	538	589	110	590
875	538	31	32	142
876	589	699	590	545
877	312	102	782	42
878	323	439	740	440
879	439	556	312	206
880	556	446	104	740
881	446	440	740	556
882	651	97	9	84
883	556	492	740	104
884	556	492	207	740
885	556	557	740	207
886	556	206	557	207
887	312	41	206	40
888	439	312	310	307
889	739	744	689	711
890	731	68	255	6
891	739	689	744	341
892	354	356	598	563
893	366	367	354	494
894	354	367	356	305
895	354	385	646	553
896	354	553	646	490
897	390	744	488	347
898	484	490	489	210
899	490	219	210	484
900	553	490	219	210
901	490	488	219	484
902	495	490	488	219
903	484	488	219	215
904	324	331	114	113
905	331	114	113	586
906	586	750	113	331
907	586	81	750	331
908	586	114	460	459
909	585	82	586	81
910	586	460	82	459
911	442	444	443	612
912	621	290	611	560
913	608	613	612	611
914	591	700	122	330
915	290	288	291	560
916	290	279	705	610
917	290	611	610	687
918	541	327	591	111
919	541	588	327	111
920	660	112	30	29
921	660	29	30	144
922	751	143	144	588
923	540	751	143	144
924	327	588	112	111
925	538	111	31	30
926	538	143	30	31
927	476	381	478	360
928	381	581	477	424
929	415	580	381	581
930	369	380	698	379
931	369	374	371	379
932	580	581	479	381
933	376	360	381	481
934	481	373	580	381
935	538	143	31	142
936	580	479	481	381
937	352	359	358	351
938	356	384	598	563
939	384	356	358	357
940	356	598	657	599
941	355	354	627	357
942	302	385	208	630
943	302	385	217	208
944	355	361	349	305
945	302	204	782	555
946	666	662	661	664
947	662	664	638	636
948	313	323	317	319
949	621	662	707	622
950	662	663	707	667
951	500	502	638	662
952	290	613	611	560
953	608	613	610	245
954	559	613	611	612
955	612	559	695	611
956	279	291	231	613
957	290	281	279	291
958	665	710	681	664
959	530	534	139	535
960	665	783	702	61
961	665	743	666	664
962	665	666	702	783
963	665	61	702	165
964	661	165	166	665
965	729	105	605	317
966	539	713	510	380
967	299	713	337	784
968	299	713	512	337
969	299	337	328	784
970	509	510	785	511
971	522	510	576	370
972	509	522	510	576
973	785	522	648	510
974	510	509	576	778
975	784	778	299	713
976	443	695	611	612
977	442	544	543	316
978	443	445	620	444
979	542	543	316	725
980	543	601	498	725
981	596	543	601	506
982	543	601	506	498
983	323	320	729	741
984	730	320	464	463
985	313	729	323	320
986	728	741	491	729
987	728	605	105	37
988	730	320	318	464
989	217	304	301	205
990	368	305	367	309
991	352	356	359	355
992	555	355	301	630
993	304	312	303	205
994	304	307	309	311
995	311	304	310	303
996	359	305	368	361
997	349	305	303	355
998	355	301	630	385
999	305	309	308	367
1000	283	632	285	259
1001	304	305	301	303
1002	320	196	483	741
1003	320	741	323	557
1004	320	557	323	321
1005	730	483	463	227
1006	728	131	491	741
1007	313	320	315	314
1008	320	464	463	314
1009	542	321	725	316
1010	313	318	314	671
1011	681	433	665	165
1012	681	164	433	165
1013	388	347	433	346
1014	681	743	347	201
1015	681	702	743	201
1016	349	311	547	447
1017	368	311	335	361
1018	311	305	303	349
1019	355	349	555	303
1020	359	305	356	367
1021	769	557	457	321
1022	361	547	311	335
1023	355	349	627	555
1024	352	355	627	357
1025	299	429	329	298
1026	329	377	378	429
1027	344	378	345	329
1028	333	344	329	508
1029	345	336	333	359
1030	784	334	328	329
1031	329	334	328	333
1032	786	784	507	334
1033	784	507	334	508
1034	508	550	509	658
1035	338	693	688	690
1036	693	338	347	690
1037	709	710	433	693
1038	709	681	433	710
1039	554	501	787	743
1040	338	688	693	342
1041	338	744	690	689
1042	347	711	744	488
1043	299	300	429	298
1044	713	327	330	591
1045	299	507	509	778
1046	293	337	299	512
1047	327	330	123	324
1048	337	784	713	330
1049	325	328	324	331
1050	541	327	713	591
1051	607	236	408	409
1052	405	408	411	409
1053	566	567	653	652
1054	566	530	567	652
1055	408	567	410	468
1056	694	720	431	377
1057	694	377	505	720
1058	694	637	427	774
1059	505	688	764	694
1060	694	422	427	618
1061	694	427	422	431
1062	478	369	375	360
1063	375	699	647	718
1064	375	374	718	647
1065	446	105	119	104
1066	510	522	648	370
1067	698	122	701	700
1068	556	40	492	104
1069	373	376	375	369
1070	375	647	699	462
1071	527	631	147	528
1072	527	631	79	582
1073	631	624	296	625
1074	528	527	631	584
1075	584	527	631	79
1076	631	624	582	147
1077	460	83	770	10
1078	460	548	461	459
1079	458	460	83	461
1080	586	460	114	12
1081	458	460	459	466
1082	586	460	12	82
1083	570	574	473	194
1084	570	573	394	171
1085	392	569	265	264
1086	263	394	397	742
1087	470	475	393	569
1088	392	175	184	569
1089	570	573	171	194
1090	277	269	262	287
1091	665	702	681	165
1092	696	710	635	433
1093	636	696	710	635
1094	346	433	693	347
1095	592	26	646	209
1096	592	646	70	563
1097	592	629	646	563
1098	592	628	629	69
1099	592	69	633	70
1100	592	646	26	70
1101	612	708	198	559
1102	560	613	611	559
1103	612	465	228	244
1104	608	609	614	610
1105	443	612	444	695
1106	442	612	609	544
1107	612	228	708	229
1108	267	641	145	269
1109	641	268	267	77
1110	641	642	161	145
1111	492	207	39	40
1112	752	161	641	642
1113	260	273	277	262
1114	274	452	278	179
1115	185	756	187	454
1116	756	759	454	757
1117	449	278	454	365
1118	449	278	179	185
1119	756	185	278	454
1120	767	577	578	775
1121	440	446	317	437
1122	767	336	578	658
1123	368	367	336	659
1124	709	502	501	664
1125	662	664	666	622
1126	667	666	662	661
1127	500	662	639	597
1128	665	710	664	696
1129	690	502	709	693
1130	399	387	403	402
1131	432	400	177	176
1132	400	758	434	177
1133	400	73	343	340
1134	400	758	74	434
1135	400	74	762	434
1136	455	632	584	90
1137	527	583	80	79
1138	584	587	91	90
1139	455	582	79	631
1140	631	584	296	528
1141	776	161	642	133
1142	776	677	172	53
1143	752	776	192	161
1144	453	452	642	776
1145	452	682	642	776
1146	453	172	776	677
1147	277	262	284	287
1148	259	88	95	89
1149	714	677	134	450
1150	675	173	450	677
1151	449	450	365	451
1152	675	450	173	451
1153	451	365	678	450
1154	788	451	365	678
1155	591	110	701	590
1156	591	700	701	122
1157	512	713	510	539
1158	713	380	539	701
1159	380	539	648	510
1160	510	539	648	512
1161	491	741	740	323
1162	293	512	299	300
1163	758	680	178	20
1164	758	434	761	74
1165	758	434	679	761
1166	73	74	762	400
1167	746	758	74	75
1168	386	200	201	215
1169	400	758	22	74
1170	400	22	758	177
1171	756	177	758	178
1172	380	701	713	700
1173	369	370	379	371
1174	509	550	522	576
1175	509	550	576	658
1176	299	713	510	512
1177	380	778	700	713
1178	325	328	683	329
1179	326	113	750	331
1180	750	113	13	12
1181	750	526	81	98
1182	326	526	750	525
1183	750	98	525	526
1184	326	750	130	525
1185	326	327	751	112
1186	607	236	566	408
1187	566	530	652	237
1188	567	519	789	516
1189	567	517	515	519
1190	566	653	248	652
1191	310	441	438	311
1192	310	447	441	311
1193	437	436	118	441
1194	304	305	311	309
1195	310	447	311	303
1196	279	280	705	716
1197	387	348	402	389
1198	386	388	200	387
1199	387	389	224	211
1200	387	224	790	200
1201	386	388	346	347
1202	388	387	403	790
1203	442	197	708	465
1204	596	595	601	686
1205	442	465	544	316
1206	442	612	708	444
1207	385	553	209	646
1208	355	630	627	385
1209	302	208	204	630
1210	302	303	782	205
1211	592	385	208	209
1212	296	155	147	148
1213	779	791	410	519
1214	567	779	410	519
1215	567	412	779	530
1216	470	394	473	467
1217	371	779	515	372
1218	530	779	371	414
1219	529	531	530	237
1220	607	139	530	534
1221	530	652	531	515
1222	408	412	567	530
1223	473	194	574	163
1224	473	467	257	48
1225	473	474	137	136
1226	473	467	48	137
1227	604	35	36	241
1228	604	603	240	606
1229	759	454	191	187
1230	714	150	134	149
1231	476	360	478	121
1232	415	579	416	418
1233	476	604	481	107
1234	476	360	107	481
1235	375	379	699	718
1236	589	545	142	718
1237	699	718	379	545
1238	650	619	630	628
1239	650	674	487	129
1240	619	627	630	628
1241	619	628	97	69
1242	589	109	781	32
1243	781	33	141	32
1244	781	162	647	141
1245	699	647	781	462
1246	781	132	462	647
1247	781	132	647	162
1248	354	553	490	495
1249	495	553	219	306
1250	553	490	210	489
1251	385	553	217	209
1252	306	553	219	217
1253	280	705	716	396
1254	585	81	583	91
1255	331	328	324	459
1256	326	751	327	332
1257	331	324	114	459
1258	612	708	559	229
1259	708	559	65	198
1260	708	559	229	65
1261	444	198	708	197
1262	612	708	228	465
1263	279	246	280	716
1264	743	215	347	201
1265	664	709	743	501
1266	685	594	736	639
1267	290	610	705	687
1268	743	488	215	216
1269	743	787	216	202
1270	695	560	777	697
1271	621	707	662	597
1272	621	620	622	697
1273	621	288	622	707
1274	290	291	289	281
1275	707	289	288	667
1276	697	560	777	562
1277	288	622	707	667
1278	619	350	627	353
1279	352	350	353	627
1280	486	349	350	351
1281	651	487	350	116
1282	651	129	487	116
1283	350	461	351	353
1284	388	403	164	790
1285	279	246	716	610
1286	399	403	176	343
1287	432	403	388	346
1288	432	176	403	343
1289	619	350	487	627
1290	385	627	629	630
1291	301	302	385	217
1292	627	555	487	630
1293	630	555	302	301
1294	352	627	355	349
1295	352	349	350	627
1296	491	740	741	492
1297	491	740	446	323
1298	491	317	323	446
1299	313	729	318	317
1300	729	741	491	323
1301	730	483	731	741
1302	311	307	309	438
1303	305	361	349	311
1304	727	775	767	771
1305	359	368	367	336
1306	301	302	630	385
1307	309	769	308	725
1308	688	690	711	689
1309	338	339	341	689
1310	422	378	792	766
1311	280	272	281	705
1312	346	432	343	342
1313	688	618	764	694
1314	338	689	688	618
1315	669	232	231	57
1316	464	239	227	243
1317	500	688	505	637
1318	693	342	712	635
1319	427	428	425	431
1320	427	774	428	431
1321	427	618	617	637
1322	549	616	617	757
1323	523	416	593	763
1324	523	577	726	416
1325	523	720	550	763
1326	523	550	576	522
1327	523	763	550	522
1328	523	416	763	417
1329	767	523	578	577
1330	523	550	658	576
1331	691	749	472	676
1332	749	265	793	569
1333	640	265	793	749
1334	635	435	187	180
1335	691	265	395	640
1336	458	382	383	358
1337	458	382	92	383
1338	384	382	92	85
1339	92	384	93	383
1340	461	770	83	382
1341	382	353	84	85
1342	382	770	83	84
1343	379	649	370	539
1344	370	380	510	423
1345	648	539	649	546
1346	648	546	512	539
1347	510	423	778	576
1348	580	373	722	721
1349	432	400	434	177
1350	479	579	319	581
1351	746	761	758	679
1352	604	603	241	240
1353	580	481	603	602
1354	602	373	241	249
1355	183	663	182	270
1356	339	434	340	761
1357	270	706	281	272
1358	756	187	759	435
1359	270	669	289	168
1360	289	270	706	281
1361	281	669	289	270
1362	342	340	434	343
1363	304	301	306	217
1364	303	447	349	782
1365	303	102	447	782
1366	312	303	205	782
1367	359	333	657	358
1368	355	301	305	303
1369	408	410	567	412
1370	652	515	653	722
1371	567	652	530	515
1372	565	566	236	408
1373	675	451	173	174
1374	451	788	749	678
1375	451	186	454	185
1376	451	788	454	793
1377	438	310	311	307
1378	767	523	577	726
1379	307	557	212	457
1380	440	321	323	439
1381	439	307	206	312
1382	368	767	336	771
1383	322	437	319	775
1384	438	311	441	771
1385	347	346	338	693
1386	727	775	577	767
1387	726	523	593	659
1388	767	578	771	775
1389	727	368	767	768
1390	549	757	364	616
1391	756	757	679	434
1392	364	278	365	454
1393	277	269	287	643
1394	756	278	178	679
1395	756	434	177	435
1396	688	764	689	504
1397	688	637	712	618
1398	536	242	531	238
1399	739	689	494	711
1400	764	345	766	599
1401	764	766	618	765
1402	689	339	341	765
1403	155	624	156	295
1404	624	625	146	704
1405	704	624	626	156
1406	296	625	626	456
1407	779	519	515	372
1408	624	625	582	146
1409	631	582	624	625
1410	624	147	296	155
1411	602	373	249	722
1412	749	678	472	676
1413	691	472	264	569
1414	692	469	472	794
1415	692	794	755	789
1416	428	747	754	749
1417	451	749	788	793
1418	747	692	749	428
1419	692	795	749	428
1420	415	576	424	423
1421	706	705	281	272
1422	796	797	798	792
1423	291	289	745	288
1424	270	169	272	281
1425	669	169	270	281
1426	473	163	574	136
1427	570	393	475	175
1428	574	475	136	50
1429	799	800	801	786
1430	574	194	49	163
1431	574	49	175	50
1432	750	13	81	12
1433	621	597	503	600
1434	596	506	597	503
1435	596	684	600	597
1436	369	478	423	381
1437	491	740	492	104
1438	633	85	69	84
1439	750	13	98	81
1440	741	323	557	740
1441	376	645	536	462
1442	741	196	483	225
1443	320	464	314	318
1444	757	273	679	761
1445	730	483	320	463
1446	463	320	196	483
1447	464	463	228	227
1448	598	657	564	384
1449	463	483	482	227
1450	463	482	196	315
1451	757	342	761	434
1452	342	339	761	434
1453	338	339	618	342
1454	660	413	160	144
1455	697	620	622	787
1456	697	203	562	777
1457	697	777	214	203
1458	697	622	202	787
1459	758	20	21	75
1460	375	373	374	536
1461	360	108	462	109
1462	656	802	803	383
1463	604	735	241	481
1464	476	477	120	478
1465	583	91	80	79
1466	360	699	375	698
1467	476	120	121	478
1468	386	201	200	703
1469	201	702	61	703
1470	388	387	790	200
1471	388	790	703	200
1472	586	81	82	12
1473	703	790	62	200
1474	529	530	535	534
1475	529	533	534	140
1476	534	533	238	45
1477	534	140	533	45
1478	607	237	46	45
1479	607	530	237	534
1480	547	125	124	117
1481	585	466	82	91
1482	650	1	97	28
1483	585	466	407	459
1484	326	113	324	112
1485	327	112	324	123
1486	413	326	525	526
1487	615	797	792	804
1488	485	391	72	71
1489	485	489	26	210
1490	485	210	26	25
1491	485	211	389	391
1492	484	485	211	210
1493	549	428	427	616
1494	588	111	30	112
1495	463	482	315	465
1496	708	482	228	465
1497	448	315	482	465
1498	287	642	145	133
1499	589	699	545	718
1500	708	482	465	197
1501	482	483	196	67
1502	529	530	534	237
1503	756	435	177	187
1504	374	718	140	535
1505	432	176	180	164
1506	535	718	140	153
1507	530	414	535	139
1508	582	16	78	79
1509	529	535	374	140
1510	192	161	53	3
1511	274	679	278	273
1512	758	680	75	679
1513	274	275	268	76
1514	278	679	680	178
1515	758	178	680	679
1516	682	20	19	179
1517	274	682	76	268
1518	284	625	626	715
1519	704	284	286	287
1520	284	287	704	715
1521	456	284	625	626
1522	286	283	261	284
1523	454	756	187	759
1524	619	97	84	69
1525	277	420	273	549
1526	616	362	277	549
1527	429	422	378	552
1528	746	259	88	760
1529	283	623	552	419
1530	399	193	23	176
1531	283	456	419	363
1532	739	490	598	341
1533	719	425	426	363
1534	260	275	268	274
1535	277	643	365	276
1536	643	133	287	149
1537	643	642	287	133
1538	388	387	346	403
1539	449	278	276	452
1540	400	434	340	343
1541	805	158	404	572
1542	365	362	277	616
1543	760	94	95	88
1544	633	70	69	85
1545	365	362	616	788
1546	263	742	398	170
1547	756	679	758	434
1548	292	742	170	398
1549	366	764	505	494
1550	292	233	742	398
1551	398	397	717	742
1552	573	55	54	234
1553	641	77	18	99
1554	573	742	171	55
1555	601	416	593	726
1556	118	437	126	119
1557	543	686	601	544
1558	686	670	601	544
1559	725	543	445	498
1560	545	649	546	154
1561	338	688	342	618
1562	342	339	618	761
1563	338	342	340	339
1564	338	346	343	342
1565	273	761	615	760
1566	787	554	216	221
1567	739	495	490	711
1568	441	125	118	126
1569	806	94	93	95
1570	688	618	712	342
1571	764	494	504	505
1572	339	341	765	734
1573	348	346	343	338
1574	753	490	646	489
1575	592	628	208	629
1576	466	82	92	83
1577	592	629	563	633
1578	651	10	84	9
1579	592	208	385	629
1580	587	383	96	802
1581	354	646	598	490
1582	592	629	385	646
1583	354	627	629	385
1584	385	354	646	629
1585	382	83	85	84
1586	354	563	627	357
1587	432	342	433	635
1588	399	807	402	100
1589	715	150	149	156
1590	343	338	340	348
1591	592	628	27	208
1592	628	208	28	27
1593	619	69	84	633
1594	628	630	208	629
1595	682	76	19	20
1596	181	165	166	661
1597	261	89	78	77
1598	538	111	110	31
1599	666	783	202	702
1600	743	681	665	702
1601	673	666	166	783
1602	275	76	680	75
1603	673	666	202	622
1604	432	177	434	435
1605	622	501	621	662
1606	664	666	622	787
1607	664	636	696	710
1608	594	506	597	596
1609	87	88	734	762
1610	684	600	706	705
1611	736	634	639	594
1612	808	736	634	639
1613	758	21	74	75
1614	665	166	666	783
1615	450	173	172	677
1616	402	100	72	73
1617	362	678	795	428
1618	362	678	571	795
1619	425	362	795	428
1620	365	362	788	678
1621	781	33	32	109
1622	714	571	362	678
1623	460	461	770	83
1624	460	82	11	12
1625	386	391	389	211
1626	94	87	88	734
1627	762	434	74	761
1628	585	81	91	82
1629	460	82	83	11
1630	587	91	90	96
1631	547	125	801	575
1632	762	340	434	761
1633	772	593	634	594
1634	762	74	73	87
1635	762	761	88	760
1636	762	340	761	734
1637	762	340	87	73
1638	667	166	182	167
1639	807	24	4	224
1640	762	400	340	73
1641	449	452	172	179
1642	364	616	454	365
1643	276	452	268	642
1644	400	399	23	176
1645	364	278	273	277
1646	387	403	790	193
1647	265	186	184	190
1648	758	21	20	178
1649	743	501	787	664
1650	234	742	233	717
1651	386	211	387	200
1652	433	696	180	635
1653	387	403	402	348
1654	386	348	347	346
1655	386	390	215	347
1656	338	744	390	347
1657	390	338	348	341
1658	732	341	391	348
1659	266	706	705	685
1660	266	395	640	736
1661	268	77	99	76
1662	680	76	20	75
1663	706	662	707	597
1664	706	270	271	272
1665	682	99	19	76
1666	706	685	736	639
1667	421	428	362	425
1668	549	616	364	277
1669	549	615	618	422
1670	628	28	69	27
1671	421	549	428	427
1672	757	435	342	434
1673	421	549	362	428
1674	485	389	25	72
1675	277	363	262	420
1676	486	770	461	350
1677	619	627	487	630
1678	650	129	223	674
1679	650	487	651	129
1680	592	26	27	70
1681	633	69	629	627
1682	350	770	353	84
1683	651	9	97	129
1684	487	674	101	129
1685	651	129	116	9
1686	670	601	544	542
1687	314	532	544	780
1688	314	780	544	670
1689	493	499	497	496
1690	424	809	799	800
1691	604	107	106	36
1692	314	464	780	318
1693	469	468	789	395
1694	395	469	691	692
1695	314	532	465	544
1696	491	105	317	446
1697	469	789	404	794
1698	447	117	102	118
1699	728	105	131	38
1700	691	264	472	469
1701	692	789	469	794
1702	470	394	570	473
1703	731	131	6	255
1704	470	475	472	471
1705	106	317	119	480
1706	317	446	119	437
1707	319	440	317	437
1708	323	440	317	319
1709	317	119	446	105
1710	317	480	319	437
1711	491	446	104	105
1712	556	446	103	104
1713	437	440	446	436
1714	439	438	440	769
1715	762	88	734	760
1716	671	479	579	319
1717	440	322	321	769
1718	313	577	322	319
1719	440	322	323	321
1720	478	127	121	122
1721	727	313	577	322
1722	313	314	542	671
1723	440	323	317	446
1724	577	775	319	581
1725	678	676	572	472
1726	675	450	678	134
1727	714	643	362	715
1728	660	112	29	130
1729	714	150	572	134
1730	443	620	695	444
1731	621	620	697	695
1732	160	29	2	130
1733	695	560	559	199
1734	342	340	339	434
1735	432	433	180	635
1736	621	600	443	611
1737	707	288	289	290
1738	263	170	171	742
1739	753	341	490	489
1740	524	525	526	413
1741	586	12	114	113
1742	598	563	384	564
1743	784	507	778	786
1744	356	598	384	657
1745	739	354	598	490
1746	739	494	354	495
1747	366	764	599	345
1748	354	553	495	306
1749	587	96	383	92
1750	354	356	366	598
1751	809	126	127	125
1752	359	335	351	361
1753	399	807	387	402
1754	657	345	356	599
1755	750	98	13	130
1756	421	425	362	363
1757	428	747	755	773
1758	277	643	287	284
1759	421	549	422	420
1760	486	116	115	770
1761	628	69	28	97
1762	640	692	749	747
1763	569	691	749	265
1764	370	521	522	372
1765	735	242	645	35
1766	778	299	713	510
1767	692	428	755	795
1768	327	112	123	111
1769	393	569	475	175
1770	732	341	733	391
1771	361	349	311	547
1772	310	303	102	447
1773	369	371	721	372
1774	447	101	782	102
1775	125	547	118	117
1776	547	118	117	447
1777	447	117	349	101
1778	457	448	213	445
1779	613	230	559	560
1780	559	65	64	230
1781	732	340	87	734
1782	482	227	67	228
1783	302	555	630	204
1784	585	586	82	459
1785	559	65	199	64
1786	695	560	199	777
1787	548	114	115	124
1788	557	207	206	212
1789	291	231	613	230
1790	651	350	84	770
1791	491	741	131	492
1792	727	322	775	438
1793	506	493	659	505
1794	612	198	695	559
1795	487	116	129	101
1796	596	443	543	503
1797	439	556	103	312
1798	613	559	230	229
1799	708	66	65	229
1800	489	210	209	26
1801	661	665	664	696
1802	708	66	198	65
1803	465	544	614	612
1804	436	118	103	119
1805	728	131	741	731
1806	709	681	743	347
1807	442	465	612	544
1808	442	213	444	197
1809	525	130	2	98
1810	444	620	214	213
1811	442	445	316	543
1812	314	465	315	316
1813	460	466	83	82
1814	708	228	67	66
1815	708	229	228	66
1816	750	130	13	113
1817	458	407	466	459
1818	406	407	459	328
1819	406	461	548	459
1820	461	351	353	358
1821	448	457	316	445
1822	660	588	144	30
1823	728	605	729	105
1824	582	455	625	631
1825	623	296	298	300
1826	285	78	79	582
1827	283	419	456	623
1828	770	83	84	10
1829	283	286	455	625
1830	456	719	284	626
1831	719	362	363	284
1832	770	116	115	10
1833	646	26	489	209
1834	456	284	719	363
1835	625	704	624	626
1836	486	101	117	116
1837	359	333	345	657
1838	643	284	362	715
1839	355	305	354	356
1840	34	256	132	5
1841	553	209	489	210
1842	553	490	495	219
1843	741	225	483	731
1844	730	483	227	255
1845	517	810	811	812
1846	805	813	814	815
1847	529	534	533	238
1848	816	220	457	308
1849	492	225	39	207
1850	502	638	710	712
1851	339	760	761	734
1852	805	572	404	794
1853	757	342	618	761
1854	645	108	34	132
1855	758	680	20	75
1856	176	400	22	23
1857	434	400	340	762
1858	757	679	434	761
1859	781	33	109	132
1860	538	110	32	31
1861	573	54	257	234
1862	676	475	50	135
1863	607	138	412	414
1864	394	257	467	235
1865	528	147	148	296
1866	394	470	469	467
1867	653	514	811	722
1868	263	392	568	265
1869	573	742	55	234
1870	143	537	294	155
1871	531	242	249	238
1872	742	234	394	397
1873	565	394	467	235
1874	537	539	541	512
1875	648	512	546	785
1876	326	113	112	130
1877	510	512	648	785
1878	299	300	512	511
1879	337	330	328	784
1880	294	751	413	293
1881	293	332	294	296
1882	293	751	413	332
1883	728	255	38	131
1884	289	707	663	667
1885	706	662	663	707
1886	292	669	232	281
1887	487	630	650	619
1888	292	169	669	281
1889	217	306	222	219
1890	661	662	667	663
1891	446	104	119	103
1892	491	131	105	104
1893	669	279	291	231
1894	168	169	270	669
1895	723	58	168	57
1896	723	291	669	168
1897	566	530	408	567
1898	556	104	103	40
1899	275	77	76	89
1900	285	90	79	78
1901	285	78	89	90
1902	394	468	264	397
1903	591	123	122	111
1904	468	395	264	396
1905	540	155	144	143
1906	632	802	96	95
1907	538	541	588	143
1908	397	565	394	468
1909	468	748	396	430
1910	586	750	81	12
1911	413	144	148	160
1912	587	632	96	90
1913	584	91	79	90
1914	567	468	789	410
1915	567	779	515	530
1916	609	614	686	544
1917	496	497	308	816
1918	609	544	686	543
1919	621	443	600	503
1920	730	227	464	239
1921	580	606	603	481
1922	405	412	152	791
1923	162	33	132	5
1924	591	110	111	122
1925	574	49	50	136
1926	612	444	695	198
1927	405	138	409	137
1928	448	197	442	465
1929	482	227	483	67
1930	574	175	475	50
1931	473	163	136	137
1932	465	228	244	532
1933	544	609	614	612
1934	410	791	412	404
1935	567	779	519	515
1936	194	49	163	7
1937	574	49	136	163
1938	567	652	515	653
1939	467	257	48	235
1940	565	236	566	247
1941	607	414	412	530
1942	607	237	566	236
1943	412	410	405	408
1944	565	235	409	236
1945	471	135	472	572
1946	691	472	569	676
1947	469	410	404	789
1948	353	633	384	357
1949	48	257	163	7
1950	382	353	384	358
1951	382	353	85	384
1952	676	475	135	472
1953	350	770	461	353
1954	406	548	401	459
1955	401	114	548	124
1956	752	99	18	3
1957	704	149	146	156
1958	266	706	271	272
1959	458	83	460	466
1960	733	391	489	71
1961	732	402	348	391
1962	714	362	365	678
1963	703	386	201	681
1964	569	186	174	184
1965	260	276	278	274
1966	704	145	146	149
1967	340	761	734	339
1968	732	72	391	71
1969	270	183	169	182
1970	338	339	689	618
1971	342	433	693	346
1972	490	341	744	489
1973	471	404	411	151
1974	474	136	151	137
1975	561	673	724	167
1976	291	560	288	562
1977	405	151	138	137
1978	288	724	562	673
1979	558	723	258	195
1980	558	724	723	195
1981	562	777	203	199
1982	791	152	158	159
1983	153	154	649	545
1984	589	109	699	781
1985	558	562	199	560
1986	735	107	35	108
1987	735	242	241	373
1988	813	158	157	159
1989	463	228	482	465
1990	730	239	464	318
1991	464	532	780	243
1992	464	532	243	228
1993	158	152	404	151
1994	572	135	150	158
1995	464	318	239	243
1996	565	394	235	234
1997	409	235	467	137
1998	643	284	715	287
1999	397	717	247	430
2000	717	742	233	398
2001	742	397	717	234
2002	424	800	578	775
2003	397	717	396	398
2004	326	332	331	526
2005	263	394	742	171
2006	263	170	398	568
2007	540	413	148	294
2008	524	527	15	148
2009	809	477	437	775
2010	330	575	128	124
2011	583	587	91	584
2012	660	130	160	525
2013	585	583	332	297
2014	584	528	297	296
2015	623	631	584	296
2016	455	584	79	90
2017	424	578	800	817
2018	698	122	121	110
2019	570	171	175	194
2020	471	475	135	136
2021	524	80	527	528
2022	527	147	15	148
2023	732	341	348	340
2024	753	70	563	86
2025	646	489	26	70
2026	750	331	81	526
2027	390	489	391	485
2028	485	71	489	391
2029	485	489	71	26
2030	292	742	233	55
2031	551	755	805	814
2032	527	79	80	15
2033	585	683	587	297
2034	292	742	55	170
2035	292	56	55	233
2036	524	14	148	15
2037	527	147	582	16
2038	325	332	585	331
2039	460	12	11	114
2040	460	461	548	115
2041	526	98	80	81
2042	406	401	328	459
2043	676	475	472	569
2044	406	358	333	351
2045	458	406	358	407
2046	460	770	115	10
2047	333	329	407	328
2048	710	712	638	636
2049	263	398	742	397
2050	568	184	170	183
2051	683	329	407	668
2052	137	235	47	409
2053	531	237	238	249
2054	683	587	668	407
2055	413	148	294	528
2056	524	413	148	160
2057	326	526	413	332
2058	660	413	326	525
2059	413	751	540	144
2060	660	413	525	160
2061	266	280	705	272
2062	559	558	230	64
2063	468	395	396	748
2064	692	395	469	789
2065	266	265	395	264
2066	282	145	146	704
2067	274	276	268	260
2068	283	456	625	623
2069	538	142	589	590
2070	419	363	456	426
2071	283	363	420	262
2072	407	383	668	656
2073	382	92	85	83
2074	462	108	132	109
2075	261	286	284	287
2076	285	259	632	90
2077	455	584	631	79
2078	261	89	285	78
2079	392	171	184	175
2080	180	635	188	187
2081	275	89	76	75
2082	541	537	538	539
2083	537	154	546	295
2084	573	194	473	257
2085	580	722	672	514
2086	369	381	423	521
2087	574	49	194	175
2088	259	632	95	804
2089	732	72	87	73
2090	492	39	104	40
2091	537	154	142	545
2092	603	671	672	780
2093	732	71	87	72
2094	407	587	383	466
2095	500	639	662	638
2096	370	520	648	649
2097	539	545	379	649
2098	621	707	597	600
2099	703	165	62	164
2100	706	289	707	663
2101	723	669	57	168
2102	489	71	26	70
2103	561	59	167	195
2104	291	613	560	230
2105	561	60	167	59
2106	281	669	279	291
2107	745	288	673	724
2108	8	59	226	195
2109	290	279	281	705
2110	621	600	290	707
2111	270	289	663	182
2112	723	57	669	231
2113	400	73	74	22
2114	681	164	165	703
2115	23	400	22	73
2116	682	680	20	179
2117	641	99	268	77
2118	275	75	746	89
2119	75	680	275	679
2120	261	77	275	89
2121	453	452	776	172
2122	818	188	191	190
2123	643	149	287	715
2124	260	262	259	273
2125	482	197	67	196
2126	449	450	173	172
2127	260	273	274	278
2128	261	285	89	259
2129	276	268	260	269
2130	277	643	362	365
2131	680	20	179	178
2132	762	88	74	87
2133	630	208	204	223
2134	339	760	765	615
2135	776	452	192	172
2136	694	637	774	505
2137	427	819	637	617
2138	338	690	744	347
2139	279	613	245	610
2140	388	703	790	164
2141	690	711	689	744
2142	618	615	766	422
2143	359	366	356	345
2144	523	578	576	658
2145	764	694	618	766
2146	339	761	760	615
2147	549	618	427	422
2148	536	645	647	462
2149	676	50	174	51
2150	645	462	132	647
2151	376	645	242	536
2152	682	99	192	19
2153	287	149	133	145
2154	645	462	108	132
2155	645	35	34	108
2156	758	74	21	22
2157	451	186	185	173
2158	641	161	18	145
2159	187	454	191	185
2160	645	34	35	242
2161	196	320	557	741
2162	131	741	225	492
2163	732	391	72	402
2164	655	188	190	189
2165	439	769	440	321
2166	661	182	166	181
2167	407	668	383	587
2168	586	331	114	459
2169	320	196	315	463
2170	728	239	605	37
2171	796	345	656	657
2172	313	320	323	321
2173	307	769	309	438
2174	307	309	769	308
2175	321	313	542	769
2176	728	239	255	730
2177	754	640	654	793
2178	439	438	769	307
2179	182	663	189	181
2180	769	725	321	457
2181	727	309	368	768
2182	647	374	718	140
2183	189	183	663	182
2184	698	590	701	110
2185	585	466	91	587
2186	589	590	142	545
2187	529	237	238	531
2188	756	758	177	434
2189	153	649	159	152
2190	370	520	371	372
2191	718	647	140	141
2192	718	649	545	153
2193	718	545	649	379
2194	392	171	170	184
2195	718	153	545	142
2196	675	134	135	51
2197	145	269	287	267
2198	756	187	178	185
2199	624	147	146	582
2200	261	285	286	78
2201	282	287	267	145
2202	746	75	74	88
2203	746	75	88	89
2204	287	704	149	145
2205	399	400	73	343
2206	704	715	149	156
2207	277	262	363	284
2208	293	512	294	541
2209	403	346	348	387
2210	275	89	746	259
2211	473	467	394	257
2212	660	588	112	751
2213	660	112	588	30
2214	470	570	393	475
2215	470	393	394	264
2216	537	294	295	512
2217	573	171	194	54
2218	332	751	327	293
2219	327	591	123	330
2220	599	797	766	765
2221	444	620	695	214
2222	666	743	202	787
2223	359	335	368	336
2224	702	743	666	665
2225	466	587	92	91
2226	665	166	783	61
2227	783	702	61	202
2228	666	622	673	667
2229	702	666	743	202
2230	159	153	154	649
2231	154	545	537	546
2232	375	718	374	379
2233	699	590	545	379
2234	820	712	821	638
2235	539	379	545	590
2236	280	246	233	717
2237	247	717	246	430
2238	430	717	246	716
2239	717	430	396	716
2240	353	358	382	461
2241	486	548	461	115
2242	406	548	461	351
2243	651	9	116	10
2244	770	353	382	461
2245	471	135	151	136
2246	511	426	822	551
2247	651	10	770	84
2248	676	135	675	572
2249	460	115	11	10
2250	793	186	190	191
2251	460	83	10	11
2252	414	779	371	649
2253	675	174	173	51
2254	265	271	190	183
2255	791	414	152	649
2256	572	135	134	150
2257	565	467	408	409
2258	165	696	661	181
2259	530	529	535	371
2260	815	519	791	520
2261	535	414	649	153
2262	820	637	638	634
2263	665	61	165	166
2264	649	414	152	153
2265	561	673	60	203
2266	412	152	138	405
2267	607	138	414	139
2268	723	57	231	58
2269	558	561	226	562
2270	408	411	409	467
2271	291	168	745	289
2272	258	195	58	8
2273	723	58	231	258
2274	562	288	697	560
2275	597	706	684	600
2276	258	558	230	291
2277	708	67	197	66
2278	414	138	152	139
2279	723	195	58	258
2280	342	618	712	617
2281	743	347	215	488
2282	742	234	233	55
2283	681	165	702	703
2284	664	743	666	787
2285	432	342	434	343
2286	554	709	711	501
2287	488	709	347	711
2288	503	620	501	621
2289	347	388	681	386
2290	604	606	240	605
2291	405	151	152	138
2292	729	317	605	606
2293	466	92	458	83
2294	493	554	711	501
2295	580	671	603	606
2296	642	269	287	145
2297	620	445	221	213
2298	486	548	547	351
2299	165	703	62	61
2300	664	681	665	743
2301	292	56	57	169
2302	401	324	328	459
2303	458	406	459	461
2304	553	219	217	209
2305	783	673	203	60
2306	486	116	117	115
2307	304	218	205	217
2308	548	547	124	117
2309	401	324	123	330
2310	307	205	218	206
2311	137	411	467	409
2312	381	477	478	423
2313	790	63	193	164
2314	449	453	365	450
2315	403	346	432	343
2316	403	176	164	193
2317	48	137	235	47
2318	277	643	284	362
2319	565	567	468	430
2320	565	409	235	467
2321	607	46	47	138
2322	484	485	210	489
2323	348	340	343	402
2324	743	201	216	215
2325	432	180	433	164
2326	387	224	200	211
2327	807	224	4	193
2328	399	100	193	807
2329	607	46	236	47
2330	100	4	23	193
2331	730	483	255	731
2332	463	228	227	482
2333	741	730	729	728
2334	453	452	276	642
2335	730	320	483	741
2336	389	211	25	24
2337	714	149	643	715
2338	682	179	19	192
2339	483	68	731	225
2340	483	731	68	255
2341	483	67	68	196
2342	745	182	167	667
2343	288	560	621	697
2344	261	275	259	89
2345	593	659	720	505
2346	492	131	104	39
2347	667	673	666	166
2348	762	761	760	734
2349	261	267	268	77
2350	549	618	757	617
2351	757	273	761	618
2352	339	618	761	615
2353	371	529	535	374
2354	693	346	338	342
2355	676	475	569	174
2356	676	50	475	174
2357	675	678	572	134
2358	749	788	754	428
2359	678	428	788	749
2360	517	513	514	515
2361	661	696	636	181
2362	352	351	349	361
2363	347	693	709	433
2364	433	693	635	342
2365	665	696	433	710
2366	376	462	108	645
2367	696	180	635	181
2368	536	647	533	374
2369	816	220	222	221
2370	536	376	375	373
2371	536	374	375	647
2372	698	478	360	121
2373	369	381	360	478
2374	302	217	205	204
2375	627	487	555	349
2376	781	462	132	109
2377	496	499	816	222
2378	304	217	222	218
2379	708	228	482	67
2380	644	256	536	533
2381	738	716	810	823
2382	399	402	403	343
2383	432	180	435	635
2384	338	348	341	340
2385	399	343	73	402
2386	432	400	343	434
2387	312	40	103	41
2388	436	103	439	440
2389	674	487	630	650
2390	758	177	22	21
2391	400	22	177	176
2392	432	400	176	343
2393	387	807	389	402
2394	386	211	200	215
2395	348	403	402	343
2396	385	209	217	208
2397	627	69	629	628
2398	753	646	563	70
2399	389	72	100	24
2400	432	635	435	342
2401	592	385	209	646
2402	592	70	633	563
2403	73	399	23	400
2404	350	627	349	487
2405	561	195	226	59
2406	807	193	387	224
2407	790	63	164	62
2408	745	289	182	667
2409	783	673	202	203
2410	745	168	167	182
2411	562	203	226	199
2412	697	202	203	214
2413	790	200	63	62
2414	663	271	183	189
2415	790	224	63	200
2416	313	321	322	769
2417	490	744	711	488
2418	291	231	230	258
2419	225	39	6	131
2420	535	140	139	153
2421	415	579	577	416
2422	479	319	480	437
2423	479	477	437	480
2424	671	580	672	579
2425	580	418	521	514
2426	476	604	106	479
2427	479	381	581	477
2428	244	610	252	245
2429	653	248	254	253
2430	596	609	600	687
2431	457	218	220	212
2432	307	206	218	212
2433	313	729	317	323
2434	714	133	453	643
2435	464	243	227	228
2436	753	86	71	70
2437	316	725	543	445
2438	714	362	643	365
2439	714	678	450	134
2440	449	452	453	172
2441	449	185	451	454
2442	436	102	103	118
2443	677	53	133	52
2444	677	172	53	52
2445	51	52	675	134
2446	675	51	173	52
2447	542	544	670	314
2448	436	439	103	312
2449	312	41	205	206
2450	473	467	474	471
2451	736	395	747	685
2452	708	197	198	66
2453	473	137	474	467
2454	474	136	471	151
2455	474	471	411	151
2456	411	470	471	467
2457	360	478	698	375
2458	620	214	213	221
2459	695	198	214	199
2460	492	225	131	39
2461	556	206	207	40
2462	619	353	633	84
2463	592	633	69	629
2464	575	128	124	125
2465	563	633	85	70
2466	85	563	86	384
2467	633	384	357	563
2468	353	633	85	384
2469	790	63	224	193
2470	719	571	425	362
2471	451	186	793	454
2472	743	216	201	202
2473	384	93	86	85
2474	703	201	200	62
2475	666	622	787	202
2476	702	201	61	202
2477	451	749	793	569
2478	428	616	788	754
2479	449	173	451	185
2480	749	754	788	793
2481	369	478	380	423
2482	616	793	454	788
2483	647	533	140	162
2484	534	237	45	238
2485	644	256	44	5
2486	781	162	141	33
2487	534	140	45	139
2488	645	242	256	34
2489	589	141	32	781
2490	645	132	34	256
2491	533	44	256	238
2492	699	141	781	647
2493	644	647	162	533
2494	647	374	140	533
2495	374	515	371	529
2496	289	182	667	663
2497	728	255	131	731
2498	533	45	44	238
2499	6	38	255	131
2500	533	162	44	140
2501	728	730	731	741
2502	644	536	256	645
2503	529	374	536	533
2504	303	305	311	304
2505	557	457	321	315
2506	483	227	255	68
2507	557	315	196	212
2508	439	307	557	206
2509	557	196	207	212
2510	369	370	521	423
2511	700	128	127	122
2512	727	767	726	768
2513	698	379	539	590
2514	648	785	546	520
2515	541	590	591	701
2516	512	511	546	785
2517	512	295	546	511
2518	731	131	741	225
2519	439	740	556	557
2520	313	319	579	577
2521	257	194	163	7
2522	54	194	257	7
2523	317	479	480	106
2524	440	322	438	437
2525	307	457	769	557
2526	741	196	225	207
2527	313	315	321	316
2528	539	545	142	590
2529	532	544	614	465
2530	708	67	482	197
2531	369	371	374	721
2532	580	521	721	514
2533	321	315	457	316
2534	716	246	253	252
2535	284	704	625	715
2536	697	695	620	214
2537	780	251	250	243
2538	282	641	145	267
2539	287	704	715	149
2540	672	254	250	251
2541	246	430	253	247
2542	414	153	139	152
2543	779	530	412	414
2544	286	582	625	146
2545	282	78	582	17
2546	18	17	641	145
2547	282	77	78	17
2548	282	17	641	77
2549	313	542	769	727
2550	573	171	54	55
2551	717	233	247	246
2552	570	473	573	194
2553	780	244	243	532
2554	251	780	244	243
2555	542	769	727	725
2556	532	614	780	244
2557	596	595	686	687
2558	286	625	704	146
2559	810	737	812	824
2560	534	535	140	139
2561	260	275	273	259
2562	519	516	755	789
2563	271	190	183	189
2564	607	534	237	45
2565	274	682	268	452
2566	752	192	776	682
2567	277	421	420	549
2568	823	252	253	251
2569	604	735	35	241
2570	516	789	748	395
2571	566	247	236	248
2572	390	489	490	744
2573	604	241	36	240
2574	753	598	341	564
2575	515	722	531	373
2576	644	645	132	647
2577	366	494	659	367
2578	739	495	711	494
2579	698	121	360	109
2580	565	247	235	236
2581	689	618	339	765
2582	765	739	599	341
2583	390	744	341	489
2584	732	734	733	341
2585	732	73	87	340
2586	399	23	100	73
2587	394	257	235	234
2588	607	409	47	236
2589	402	100	389	72
2590	406	335	333	334
2591	325	328	299	337
2592	299	328	329	784
2593	334	508	329	784
2594	558	199	226	64
2595	612	229	244	228
2596	401	575	328	330
2597	559	229	65	230
2598	401	575	330	124
2599	730	227	463	464
2600	723	291	231	669
2601	699	781	109	462
2602	413	540	148	144
2603	481	602	373	241
2604	443	503	620	445
2605	448	482	315	196
2606	558	230	64	258
2607	613	245	229	230
2608	613	230	231	245
2609	537	538	143	541
2610	558	723	291	258
2611	683	325	298	297
2612	665	681	710	433
2613	605	240	37	239
2614	783	61	60	202
2615	605	105	37	106
2616	105	106	317	119
2617	603	602	250	672
2618	783	61	166	60
2619	709	347	743	488
2620	728	729	605	239
2621	703	702	61	165
2622	61	703	62	201
2623	397	717	430	396
2624	290	706	705	281
2625	270	169	168	182
2626	573	171	742	394
2627	468	397	430	396
2628	292	272	281	398
2629	691	395	265	264
2630	266	685	395	736
2631	263	397	264	396
2632	568	292	398	272
2633	279	245	231	232
2634	748	824	810	517
2635	604	240	36	37
2636	580	418	514	672
2637	789	748	395	468
2638	396	738	705	716
2639	468	264	397	396
2640	469	471	404	411
2641	471	472	404	572
2642	469	404	410	411
2643	470	475	471	473
2644	470	469	411	471
2645	471	135	475	472
2646	473	474	136	471
2647	742	55	170	171
2648	697	622	673	202
2649	565	234	235	247
2650	573	194	257	54
2651	288	622	667	673
2652	697	695	214	777
2653	288	697	673	562
2654	697	673	203	202
2655	695	777	199	214
2656	562	777	199	560
2657	558	561	724	195
2658	465	463	464	314
2659	695	559	198	199
2660	447	311	303	349
2661	302	303	555	782
2662	782	204	674	555
2663	469	472	794	404
2664	585	466	459	82
2665	538	541	111	588
2666	750	525	98	130
2667	564	93	94	86
2668	302	782	204	205
2669	312	205	41	42
2670	390	391	211	485
2671	312	102	42	41
2672	325	331	585	328
2673	540	294	751	413
2674	333	656	358	407
2675	733	87	71	86
2676	325	585	297	683
2677	459	407	585	328
2678	466	92	587	383
2679	784	778	700	825
2680	336	507	344	334
2681	378	668	656	329
2682	607	566	237	530
2683	407	656	668	329
2684	531	373	722	249
2685	303	782	349	555
2686	312	782	205	42
2687	484	219	210	215
2688	758	178	177	21
2689	741	225	492	207
2690	447	311	547	441
2691	438	441	775	771
2692	727	438	771	311
2693	513	755	519	516
2694	808	821	654	655
2695	371	649	779	520
2696	513	755	516	773
2697	513	519	517	516
2698	756	177	178	187
2699	302	217	204	208
2700	312	303	782	102
2701	674	129	223	43
2702	567	410	789	519
2703	519	791	520	779
2704	520	513	815	519
2705	519	789	755	794
2706	779	410	791	412
2707	560	558	230	559
2708	628	28	208	223
2709	373	249	242	241
2710	697	562	203	673
2711	825	125	127	128
2712	652	248	237	249
2713	447	782	101	349
2714	447	349	117	547
2715	304	217	306	222
2716	782	349	555	101
2717	447	118	441	547
2718	440	103	556	446
2719	672	780	670	826
2720	718	153	142	141
2721	683	407	585	587
2722	368	305	309	311
2723	448	442	445	316
2724	460	11	115	114
2725	322	577	775	319
2726	307	212	218	457
2727	729	730	318	239
2728	320	557	321	315
2729	741	557	207	740
2730	312	103	102	41
2731	321	725	316	457
2732	782	674	101	555
2733	751	294	143	541
2734	674	42	43	204
2735	369	374	373	721
2736	156	295	157	155
2737	674	630	204	223
2738	572	404	151	158
2739	650	630	674	223
2740	486	351	461	548
2741	266	685	705	396
2742	473	163	137	48
2743	469	264	468	395
2744	782	205	42	204
2745	691	749	676	569
2746	533	44	45	140
2747	644	533	44	256
2748	567	516	748	517
2749	513	755	773	522
2750	516	747	518	773
2751	387	224	389	807
2752	536	242	238	256
2753	644	132	256	5
2754	389	807	224	24
2755	698	699	379	590
2756	193	387	224	790
2757	485	389	211	25
2758	660	29	160	130
2759	389	25	72	24
2760	402	389	100	807
2761	389	807	24	100
2762	525	98	2	14
2763	332	524	80	526
2764	524	80	98	14
2765	714	134	133	149
2766	676	135	50	51
2767	486	350	349	487
2768	651	619	84	350
2769	486	117	349	547
2770	449	173	185	172
2771	460	461	115	770
2772	486	117	548	115
2773	295	154	157	155
2774	714	715	571	150
2775	466	82	91	92
2776	651	116	350	770
2777	359	336	367	366
2778	527	631	582	147
2779	582	17	78	16
2780	456	300	426	626
2781	582	147	146	16
2782	282	641	267	77
2783	460	82	459	466
2784	406	575	401	548
2785	406	333	335	351
2786	721	373	369	381
2787	607	45	46	139
2788	376	242	373	536
2789	106	606	317	479
2790	580	602	672	722
2791	644	536	645	647
2792	781	162	33	132
2793	405	412	791	404
2794	521	721	514	372
2795	369	721	381	521
2796	652	515	722	531
2797	718	140	153	141
2798	313	671	319	318
2799	580	479	671	606
2800	675	572	678	676
2801	569	175	184	174
2802	571	150	157	158
2803	451	676	569	174
2804	558	226	195	8
2805	313	579	671	542
2806	415	577	581	424
2807	63	4	224	193
2808	542	670	601	416
2809	469	411	468	467
2810	677	172	52	173
2811	565	247	430	397
2812	642	161	145	133
2813	392	568	265	184
2814	567	789	468	748
2815	392	184	265	569
2816	677	52	133	134
2817	572	135	158	151
2818	266	280	398	396
2819	467	48	137	235
2820	264	470	469	394
2821	469	468	411	410
2822	570	175	475	574
2823	570	194	175	574
2824	561	59	226	203
2825	397	247	717	234
2826	470	264	469	472
2827	723	168	58	195
2828	652	531	249	237
2829	411	467	408	468
2830	531	242	373	249
2831	703	790	164	62
2832	464	465	532	228
2833	536	374	531	373
2834	693	712	710	635
2835	515	373	531	374
2836	782	674	204	42
2837	223	1	43	129
2838	652	249	722	248
2839	534	529	237	238
2840	782	101	674	42
2841	603	243	780	250
2842	769	321	725	542
2843	729	240	605	239
2844	464	780	318	243
2845	317	605	606	106
2846	608	229	244	612
2847	556	440	740	439
2848	604	735	107	35
2849	728	38	255	239
2850	614	252	251	244
2851	722	249	254	248
2852	486	350	116	770
2853	563	627	629	354
2854	657	384	356	358
2855	376	373	735	481
2856	360	107	108	121
2857	604	107	36	35
2858	809	477	127	126
2859	69	619	627	633
2860	357	563	627	633
2861	455	623	584	632
2862	261	282	287	267
2863	361	547	335	351
2864	625	704	626	715
2865	295	624	156	626
2866	559	199	65	198
2867	263	264	397	394
2868	292	55	56	170
2869	717	234	247	233
2870	527	79	15	16
2871	527	147	16	15
2872	389	224	211	24
2873	582	17	16	146
2874	587	96	92	91
2875	383	96	93	92
2876	282	17	582	146
2877	469	394	468	264
2878	541	751	588	143
2879	668	632	552	802
2880	324	123	113	114
2881	674	101	129	43
2882	447	117	101	102
2883	409	137	138	47
2884	405	411	404	151
2885	674	43	42	101
2886	524	332	528	413
2887	583	80	81	526
2888	650	97	1	129
2889	528	524	80	332
2890	524	332	413	526
2891	148	296	294	528
2892	294	155	295	296
2893	337	713	327	330
2894	454	186	191	185
2895	776	133	677	53
2896	541	590	701	539
2897	682	752	99	268
2898	456	419	426	300
2899	776	53	192	161
2900	682	452	642	268
2901	623	298	587	668
2902	437	480	120	119
2903	776	172	192	53
2904	752	641	161	18
2905	120	437	126	477
2906	317	480	437	119
2907	581	437	477	775
2908	376	645	735	242
2909	317	105	605	106
2910	479	477	480	120
2911	402	72	389	391
2912	386	211	389	387
2913	390	215	347	488
2914	282	145	17	146
2915	485	389	72	391
2916	390	215	484	211
2917	485	25	211	210
2918	567	515	517	653
2919	515	721	373	374
2920	607	408	138	409
2921	515	722	721	514
2922	535	718	153	649
2923	818	793	191	454
2924	369	374	379	375
2925	275	77	268	76
2926	567	410	779	412
2927	355	555	627	630
2928	449	185	179	172
2929	452	179	192	172
2930	752	192	99	3
2931	776	161	133	53
2932	352	357	353	358
2933	487	630	555	674
2934	301	354	553	385
2935	385	630	629	208
2936	487	555	349	101
2937	628	630	223	208
2938	783	673	60	166
2939	399	100	23	193
2940	386	391	348	389
2941	806	95	803	804
2942	743	554	488	216
2943	488	219	215	216
2944	484	211	215	210
2945	343	402	340	73
2946	386	390	348	391
2947	485	26	71	25
2948	347	338	348	390
2949	485	25	71	72
2950	341	744	390	338
2951	807	24	100	4
2952	807	100	193	4
2953	64	199	559	558
2954	611	559	695	560
2955	474	411	137	151
2956	811	254	251	253
2957	249	722	254	250
2958	405	410	404	411
2959	827	812	826	737
2960	519	755	815	794
2961	516	518	748	517
2962	794	692	795	472
2963	602	250	249	241
2964	672	811	722	254
2965	470	472	475	569
2966	476	107	121	120
2967	522	755	551	814
2968	789	791	794	519
2969	408	411	468	410
2970	603	240	606	318
2971	614	251	780	244
2972	567	748	516	789
2973	326	751	332	413
2974	524	528	148	413
2975	80	332	583	528
2976	525	130	160	2
2977	588	144	30	143
2978	682	752	192	99
2979	453	776	642	133
2980	524	80	526	98
2981	525	160	14	2
2982	183	272	169	568
2983	292	232	56	233
2984	495	216	222	219
2985	554	222	216	221
2986	70	563	86	85
2987	635	188	181	180
2988	753	564	733	86
2989	87	734	94	86
2990	313	322	727	769
2991	406	547	335	575
2992	787	216	202	221
2993	661	667	666	166
2994	636	189	181	188
2995	487	555	101	674
2996	782	102	101	42
2997	759	188	187	191
2998	259	760	420	804
2999	787	499	221	620
3000	435	177	187	180
3001	787	221	202	214
3002	554	495	488	216
3003	664	710	709	502
3004	445	220	221	213
3005	308	220	218	222
3006	259	760	804	95
3007	471	404	151	572
3008	259	90	89	95
3009	278	273	277	260
3010	571	551	426	425
3011	626	150	156	157
3012	624	147	155	156
3013	632	90	95	96
3014	571	805	158	157
3015	426	425	551	429
3016	583	91	81	80
3017	407	656	358	383
3018	548	124	115	117
3019	420	422	552	792
3020	704	626	715	156
3021	631	528	296	147
3022	546	157	154	159
3023	724	195	167	168
3024	566	653	430	248
3025	676	472	135	572
3026	274	276	452	268
3027	472	795	794	572
3028	537	539	512	546
3029	653	811	253	254
3030	566	236	237	248
3031	405	152	404	791
3032	748	517	518	824
3033	395	518	516	747
3034	672	811	251	826
3035	546	813	157	159
3036	279	245	232	246
3037	520	815	813	791
3038	685	748	738	396
3039	603	240	250	241
3040	478	127	120	121
3041	119	437	126	120
3042	553	209	210	219
3043	300	626	511	426
3044	614	252	823	251
3045	448	213	197	212
3046	828	654	736	808
3047	772	763	595	518
3048	802	96	95	93
3049	803	93	384	383
3050	85	384	93	92
3051	359	355	305	361
3052	432	177	180	176
3053	586	750	12	113
3054	544	780	614	670
3055	366	599	764	739
3056	757	342	617	618
3057	660	144	160	29
3058	318	239	243	240
3059	593	774	505	720
3060	453	776	133	677
3061	808	655	638	821
3062	512	300	295	511
3063	444	198	213	214
3064	608	229	245	244
3065	612	465	244	614
3066	686	670	614	826
3067	532	228	244	243
3068	686	595	737	687
3069	772	773	518	747
3070	743	201	702	202
3071	541	751	327	588
3072	537	142	154	143
3073	537	143	154	155
3074	330	128	122	123
3075	330	128	123	124
3076	825	799	127	801
3077	330	825	700	128
3078	522	509	510	785
3079	827	737	595	824
3080	572	795	794	805
3081	698	109	110	121
3082	441	547	801	335
3083	620	499	221	445
3084	730	227	239	255
3085	480	120	119	106
3086	603	243	250	240
3087	672	418	514	811
3088	699	360	462	109
3089	825	127	700	128
3090	513	519	755	815
3091	578	576	658	507
3092	580	602	603	672
3093	550	522	551	785
3094	694	774	427	431
3095	694	505	774	720
3096	353	357	384	358
3097	618	615	765	766
3098	286	582	455	625
3099	587	96	632	802
3100	265	654	190	271
3101	764	377	766	345
3102	760	734	94	88
3103	564	86	384	93
3104	739	599	341	598
3105	564	599	806	803
3106	753	733	71	86
3107	816	220	445	457
3108	732	402	340	348
3109	473	163	48	257
3110	290	705	706	600
3111	803	93	802	95
3112	429	508	550	509
3113	328	575	334	784
3114	504	505	688	764
3115	803	804	95	802
3116	818	617	829	616
3117	362	363	425	719
3118	365	616	454	788
3119	796	599	766	345
3120	783	673	666	202
3121	433	635	693	710
3122	673	60	166	167
3123	783	202	60	203
3124	636	663	189	655
3125	663	655	271	189
3126	538	111	541	591
3127	547	335	575	801
3128	337	327	713	512
3129	441	437	126	118
3130	624	296	295	155
3131	727	726	725	768
3132	309	308	768	725
3133	377	505	659	345
3134	294	528	296	332
3135	784	778	825	786
3136	436	312	102	310
3137	498	816	499	445
3138	345	505	764	377
3139	523	720	659	658
3140	380	700	778	423
3141	546	154	649	159
3142	653	722	254	248
3143	810	811	253	653
3144	816	222	220	308
3145	314	671	318	780
3146	810	811	812	826
3147	672	418	811	826
3148	672	602	250	722
3149	513	521	417	514
3150	478	799	127	700
3151	624	156	704	146
3152	545	154	142	153
3153	779	520	519	372
3154	462	360	699	375
3155	754	818	793	654
3156	818	821	188	190
3157	655	271	189	190
3158	706	639	662	597
3159	661	663	667	182
3160	291	168	289	669
3161	266	271	736	640
3162	741	196	207	557
3163	476	120	106	107
3164	614	823	826	251
3165	314	780	670	671
3166	810	826	823	253
3167	610	608	244	614
3168	290	291	613	560
3169	716	246	252	610
3170	396	430	748	716
3171	749	795	678	428
3172	828	654	808	829
3173	821	188	190	655
3174	451	186	173	174
3175	362	678	428	788
3176	282	146	286	704
3177	714	453	133	677
3178	706	662	639	663
3179	688	502	693	712
3180	635	636	188	821
3181	612	444	198	708
3182	270	271	183	663
3183	290	613	610	611
3184	748	430	810	716
3185	745	167	673	667
3186	608	613	611	610
3187	290	279	613	291
3188	705	687	610	716
3189	501	709	743	554
3190	729	606	240	318
3191	293	295	294	512
3192	429	668	378	329
3193	490	598	341	753
3194	440	740	323	446
3195	319	437	581	775
3196	809	477	126	437
3197	320	463	315	314
3198	441	125	809	801
3199	444	198	197	213
3200	603	671	580	672
3201	368	336	335	771
3202	828	736	640	747
3203	299	507	778	784
3204	639	271	663	655
3205	265	654	271	640
3206	808	639	634	638
3207	820	712	638	637
3208	515	721	722	373
3209	428	425	755	795
3210	469	468	410	789
3211	307	218	308	457
3212	445	457	220	213
3213	498	726	497	725
3214	442	445	444	213
3215	614	465	244	532
3216	686	737	826	823
3217	308	220	457	218
3218	827	595	737	686
3219	421	427	425	431
3220	515	722	514	653
3221	415	576	578	424
3222	571	425	362	795
3223	513	515	517	519
3224	652	248	722	653
3225	803	93	383	802
3226	632	95	804	802
3227	797	806	803	804
3228	803	798	804	802
3229	358	383	656	657
3230	668	798	656	802
3231	668	552	798	802
3232	277	421	363	420
3233	830	817	507	786
3234	768	497	725	308
3235	333	656	407	329
3236	521	417	415	523
3237	799	786	817	800
3238	301	555	302	303
3239	827	826	686	737
3240	672	250	780	251
3241	369	370	372	521
3242	250	722	254	672
3243	614	780	251	826
3244	816	725	308	457
3245	463	482	483	196
3246	314	532	780	464
3247	491	446	740	104
3248	727	775	771	438
3249	550	773	720	431
3250	513	516	518	773
3251	557	457	315	212
3252	760	94	806	95
3253	739	744	711	490
3254	451	788	365	454
3255	682	680	76	20
3256	757	616	617	759
3257	762	87	340	734
3258	636	655	189	188
3259	636	188	821	655
3260	759	821	617	712
3261	808	821	829	654
3262	828	820	829	808
3263	635	759	712	821
3264	638	636	821	655
3265	654	821	190	655
3266	181	663	189	636
3267	662	636	639	663
3268	187	635	188	759
3269	456	626	426	719
3270	273	262	259	420
3271	635	712	636	821
3272	362	715	284	719
3273	818	616	793	454
3274	84	353	382	770
3275	362	428	616	788
3276	259	632	90	95
3277	818	617	821	829
3278	820	617	637	819
3279	760	734	806	94
3280	733	341	734	564
3281	371	372	515	721
3282	827	416	686	670
3283	830	800	786	801
3284	825	127	799	700
3285	424	799	817	800
3286	478	423	477	799
3287	299	508	507	784
3288	825	786	799	801
3289	344	508	658	377
3290	668	383	802	656
3291	825	575	125	128
3292	810	826	253	811
3293	517	811	810	653
3294	827	737	824	812
3295	316	445	457	725
3296	767	523	659	658
3297	458	466	383	92
3298	601	542	416	726
3299	418	812	514	811
3300	767	659	336	658
3301	504	493	711	502
3302	711	488	554	495
3303	816	221	445	220
3304	503	620	445	499
3305	554	499	222	221
3306	791	404	158	152
3307	273	259	760	420
3308	571	150	626	157
3309	539	698	701	380
3310	416	595	763	417
3311	828	820	808	634
3312	425	551	429	431
3313	522	814	815	755
3314	403	193	164	790
3315	691	692	472	749
3316	746	758	761	74
3317	427	819	774	637
3318	653	722	811	254
3319	517	812	811	514
3320	811	826	253	251
3321	810	737	826	812
3322	301	306	217	553
3323	451	676	749	569
3324	738	824	737	810
3325	788	754	616	793
3326	828	754	640	654
3327	519	410	789	791
3328	654	640	736	271
3329	818	190	191	793
3330	828	640	736	654
3331	417	517	812	824
3332	795	551	425	755
3333	617	819	829	616
3334	747	774	819	634
3335	748	810	653	517
3336	685	594	747	736
3337	515	721	372	514
3338	738	595	737	824
3339	675	678	451	676
3340	451	186	569	793
3341	470	264	472	569
3342	793	191	454	186
3343	265	654	793	190
3344	818	654	821	190
3345	818	654	829	821
3346	552	802	804	798
3347	427	428	819	616
3348	631	296	624	147
3349	426	363	456	719
3350	726	593	506	659
3351	830	786	800	817
3352	659	345	366	336
3353	650	97	628	28
3354	816	457	445	725
3355	662	667	707	622
3356	339	760	734	765
3357	502	710	693	712
3358	622	620	501	787
3359	338	744	689	341
3360	342	712	759	617
3361	433	165	180	696
3362	820	617	829	821
3363	796	656	345	378
3364	564	733	86	734
3365	460	114	115	548
3366	383	96	802	93
3367	496	497	816	499
3368	498	726	506	497
3369	498	499	503	445
3370	494	496	367	495
3371	727	368	771	767
3372	477	480	120	437
3373	511	426	626	822
3374	578	817	576	507
3375	401	124	330	123
3376	329	656	378	345
3377	830	817	800	578
3378	692	747	516	755
3379	716	823	610	252
3380	772	774	593	720
3381	598	599	341	564
3382	395	518	748	516
3383	772	773	747	774
3384	430	248	653	253
3385	791	813	805	815
3386	571	719	426	626
3387	511	299	300	429
3388	546	822	157	813
3389	406	334	333	328
3390	520	814	546	813
3391	520	815	522	814
3392	652	249	531	722
3393	614	670	780	826
3394	418	812	811	826
3395	603	250	780	672
3396	830	507	334	786
3397	628	619	627	69
3398	490	495	488	711
3399	753	563	564	86
3400	383	382	92	384
3401	384	633	85	563
3402	486	101	349	117
3403	352	627	353	357
3404	592	26	209	27
3405	288	697	622	673
3406	334	786	825	801
3407	830	771	335	336
3408	304	308	305	309
3409	809	127	799	801
3410	441	809	437	775
3411	778	700	825	799
3412	354	598	646	563
3413	334	335	801	575
3414	310	447	118	441
3415	441	809	125	126
3416	406	575	548	547
3417	553	646	489	209
3418	358	657	384	383
3419	354	367	305	306
3420	336	578	658	507
3421	299	510	778	509
3422	377	378	766	345
3423	377	659	720	658
3424	797	798	792	804
3425	284	626	719	715
3426	796	599	803	797
3427	508	509	507	658
3428	441	547	125	801
3429	441	547	118	125
3430	361	351	349	547
3431	547	125	575	124
3432	548	124	547	575
3433	429	552	298	419
3434	458	407	358	383
3435	324	123	112	113
3436	713	330	784	700
3437	333	508	329	334
3438	830	335	771	801
3439	513	773	518	763
3440	567	468	430	748
3441	779	791	520	649
3442	520	813	815	814
3443	815	519	794	791
3444	430	810	253	653
3445	417	415	523	416
3446	577	775	581	424
3447	672	722	811	514
3448	581	775	477	424
3449	716	687	610	823
3450	823	826	251	253
3451	716	253	810	823
3452	810	823	826	737
3453	544	532	614	780
3454	687	614	610	823
3455	808	655	654	736
3456	265	654	640	793
3457	654	736	655	271
3458	344	336	345	659
3459	542	725	727	726
3460	377	659	505	720
3461	494	726	768	497
3462	496	367	306	308
3463	816	499	221	222
3464	496	222	816	308
3465	816	221	499	445
3466	498	816	445	725
3467	816	725	497	308
3468	299	508	784	329
3469	509	576	778	507
3470	778	799	786	817
3471	735	108	360	107
3472	778	786	507	817
3473	809	799	800	801
3474	571	426	822	626
3475	259	420	632	804
3476	796	345	766	378
3477	796	792	798	378
3478	552	792	798	804
3479	342	759	635	435
3480	502	690	711	688
3481	615	806	760	765
3482	348	402	389	391
3483	759	821	818	617
3484	517	810	812	824
3485	738	737	823	810
3486	796	657	656	803
3487	796	797	792	766
3488	657	383	803	384
3489	406	575	335	334
3490	656	803	802	798
3491	689	688	504	711
3492	623	298	419	300
3493	564	806	734	94
3494	760	806	734	765
3495	564	806	93	803
3496	774	634	505	637
3497	500	593	634	505
3498	772	593	595	763
3499	562	558	724	291
3500	544	670	614	686
3501	774	593	634	772
3502	639	655	663	636
3503	638	712	821	636
3504	685	518	395	747
3505	429	508	329	377
3506	520	785	814	522
3507	513	521	523	417
3508	571	822	157	626
3509	417	418	812	514
3510	478	700	127	122
3511	684	687	600	705
3512	396	738	716	748
3513	649	414	535	371
3514	478	423	799	700
3515	451	186	174	569
3516	678	795	472	572
3517	265	793	186	190
3518	451	749	676	678
3519	568	265	183	271
3520	266	271	640	265
3521	626	150	715	156
3522	624	156	146	147
3523	794	815	805	755
3524	571	150	715	626
3525	571	805	572	158
3526	541	512	539	713
3527	273	618	615	761
3528	571	551	822	426
3529	805	813	158	157
3530	496	306	222	308
3531	744	490	390	488
3532	564	599	765	806
3533	494	659	367	768
3534	290	706	289	707
3535	444	445	620	213
3536	705	716	738	687
3537	697	620	787	214
3538	448	212	315	457
3539	444	695	198	214
3540	805	755	815	814
3541	513	372	520	522
3542	571	719	425	426
3543	791	410	789	404
3544	515	653	514	517
3545	502	662	664	638
3546	710	636	635	712
3547	502	493	711	501
3548	493	711	554	495
3549	494	496	497	768
3550	502	712	637	638
3551	554	222	495	216
3552	493	499	501	503
3553	542	544	314	316
3554	463	315	314	465
3555	609	687	686	614
3556	596	443	600	609
3557	543	503	498	506
3558	614	823	252	610
3559	546	813	814	822
3560	295	822	626	157
3561	713	700	784	778
3562	304	218	222	308
3563	219	306	222	495
3564	305	308	306	367
3565	304	306	308	222
3566	205	304	301	303
3567	553	489	646	490
3568	659	726	768	494
3569	307	769	457	308
3570	694	431	720	774
3571	344	345	377	659
3572	764	689	765	618
3573	820	819	637	634
3574	505	774	593	634
3575	694	377	422	766
3576	692	516	789	755
3577	265	691	749	640
3578	749	793	640	754
3579	685	705	396	738
3580	475	175	174	50
3581	565	566	430	247
3582	471	135	572	151
3583	691	569	264	265
3584	565	394	234	397
3585	356	357	384	563
3586	599	806	797	765
3587	760	806	804	95
3588	806	803	95	93
3589	686	687	737	823
3590	686	416	595	601
3591	596	600	684	687
3592	279	245	613	231
3593	706	639	271	663
3594	706	270	663	271
3595	609	610	687	614
3596	596	609	686	543
3597	738	518	595	824
3598	500	594	593	506
3599	279	232	280	246
3600	794	815	791	805
3601	571	822	551	805
3602	678	795	572	571
3603	684	706	639	685
3604	513	755	522	815
3605	417	518	517	824
3606	517	653	514	811
3607	692	472	749	795
3608	404	791	794	789
3609	684	685	518	738
3610	706	639	736	271
3611	639	736	271	655
3612	808	821	820	829
3613	647	141	162	140
3614	326	327	112	324
3615	344	377	345	378
3616	501	499	620	503
3617	787	499	554	221
3618	501	499	787	620
3619	500	501	662	597
3620	787	620	221	214
3621	493	498	506	497
3622	493	501	500	506
3623	498	499	816	497
3624	521	418	417	514
3625	658	523	720	550
3626	601	593	506	726
3627	772	773	720	763
3628	595	417	824	518
3629	687	595	738	684
3630	409	236	235	47
3631	280	281	272	398
3632	716	430	253	246
3633	716	823	252	253
3634	662	664	622	501
3635	549	273	757	618
3636	752	642	641	268
3637	615	766	422	792
3638	422	377	378	766
3639	597	503	506	501
3640	552	378	798	792
3641	456	300	626	296
3642	478	477	127	799
3643	423	576	424	817
3644	424	799	809	477
3645	478	380	698	369
3646	603	318	606	671
3647	671	780	670	672
3648	339	765	618	615
3649	420	804	792	552
3650	615	797	766	792
3651	746	760	88	761
3652	819	774	637	634
3653	427	617	616	819
3654	694	422	377	431
3655	425	755	773	428
3656	828	754	747	640
3657	754	616	829	819
3658	828	819	820	634
3659	794	791	404	805
3660	571	805	157	822
3661	805	822	813	157
3662	805	813	822	814
3663	791	805	813	158
3664	615	797	765	766
3665	797	803	798	804
3666	615	804	760	806
3667	796	599	657	803
3668	615	797	804	806
3669	830	335	801	334
3670	809	127	477	799
3671	424	809	800	775
3672	809	801	125	127
3673	771	441	801	335
3674	827	686	826	670
3675	827	417	824	595
3676	417	812	517	514
3677	577	578	415	523
3678	593	659	505	506
3679	596	503	543	506
3680	500	637	505	634
3681	639	597	706	684
3682	827	417	418	812
3683	684	706	685	705
3684	596	543	686	601
3685	493	506	726	497
3686	542	670	671	314
3687	767	523	658	578
3688	523	593	720	763
3689	416	595	593	763
3690	595	417	518	763
3691	771	801	441	809
3692	827	812	824	417
3693	686	687	823	614
3694	493	506	498	503
3695	498	503	543	445
3696	827	826	418	670
3697	686	614	823	826
3698	827	418	416	670
3699	601	498	726	506
3700	768	497	726	725
3701	493	659	726	506
3702	366	494	505	659
3703	493	505	500	504
3704	496	306	367	495
3705	353	85	633	84
3706	496	308	497	768
3707	354	356	563	357
3708	354	306	495	367
3709	688	618	694	637
3710	757	342	759	617
3711	796	797	803	798
3712	599	803	797	806
3713	656	657	383	803
3714	354	495	494	367
3715	366	345	659	505
3716	505	493	659	494
3717	368	768	309	367
3718	684	738	687	705
3719	716	253	430	810
3720	692	516	395	789
3721	640	736	395	747
3722	738	737	687	823
3723	550	658	377	720
3724	299	429	511	509
3725	429	377	378	422
3726	427	428	774	819
3727	508	550	658	377
3728	785	814	551	822
3729	601	670	686	416
3730	560	621	697	695
3731	498	816	725	497
3732	725	601	498	726
3733	359	657	356	358
3734	796	599	345	657
3735	401	324	330	328
3736	683	587	298	668
3737	830	817	578	507
3738	825	575	801	125
3739	330	825	128	575
3740	784	825	334	786
3741	825	125	801	127
3742	274	682	452	179
3743	552	802	632	804
3744	798	378	668	656
3745	584	587	90	632
3746	623	587	632	668
3747	294	155	148	540
3748	511	546	785	822
3749	429	298	668	329
3750	299	429	508	329
3751	623	587	298	584
3752	661	696	664	636
3753	688	693	342	712
3754	500	637	634	638
3755	501	787	499	554
3756	743	216	787	554
3757	709	681	347	433
3758	493	711	495	494
3759	500	634	639	638
3760	709	743	681	664
3761	429	298	552	668
3762	431	550	551	429
3763	509	576	507	658
3764	551	755	773	425
3765	509	511	785	550
3766	317	319	606	318
3767	551	805	822	814
3768	550	763	773	522
3769	773	425	431	551
3770	668	798	552	378
3771	552	422	378	792
3772	668	632	802	587
3773	293	298	296	300
3774	429	419	426	425
3775	552	420	419	422
3776	283	632	420	552
3777	330	128	700	122
3778	728	105	38	37
3779	401	124	548	575
3780	325	324	328	330
3781	344	345	336	333
3782	692	640	395	747
3783	428	616	754	819
3784	795	551	755	805
3785	714	572	150	571
3786	794	572	404	472
3787	571	795	805	551
3788	571	795	572	805
3789	500	634	594	639
3790	664	501	787	622
3791	709	711	488	554
3792	638	639	636	655
3793	728	239	37	38
3794	808	655	736	639
3795	496	222	306	495
3796	497	493	494	726
3797	496	554	222	495
3798	496	367	308	768
3799	564	734	806	765
3800	564	93	806	94
3801	564	384	657	803
3802	386	388	703	200
3803	764	765	599	766
3804	355	385	627	354
3805	359	351	333	358
3806	649	791	813	159
3807	791	813	159	158
3808	791	404	805	158
3809	601	593	416	595
3810	513	522	521	372
3811	530	652	237	531
3812	278	680	179	178
3813	273	420	760	615
3814	275	746	75	679
3815	377	505	764	694
3816	277	421	362	363
3817	757	342	435	759
3818	615	797	806	765
3819	694	422	618	766
3820	618	637	712	617
3821	152	649	159	791
3822	604	606	605	106
3823	589	141	142	32
3824	685	518	738	748
3825	604	106	37	36
3826	684	518	595	738
3827	738	716	823	687
3828	263	266	265	568
3829	319	671	606	318
3830	316	313	542	321
3831	579	416	418	670
3832	424	809	775	477
3833	381	477	423	424
3834	424	578	817	576
3835	513	417	517	514
3836	509	550	785	522
3837	698	699	375	379
3838	473	574	475	136
3839	513	417	763	518
3840	513	417	518	517
3841	522	785	814	551
3842	428	425	431	773
3843	773	431	774	720
3844	579	672	670	418
3845	550	773	431	551
3846	428	747	774	819
3847	513	773	763	522
3848	513	372	515	519
3849	429	511	426	300
3850	579	580	672	418
3851	328	330	575	784
3852	668	383	587	802
3853	585	526	331	332
3854	455	623	631	584
3855	380	423	478	700
3856	546	295	157	822
3857	778	576	817	507
3858	648	520	522	785
3859	784	700	330	825
3860	698	122	478	121
3861	626	295	157	156
3862	778	825	786	799
3863	423	799	817	424
3864	748	738	824	518
3865	748	824	738	810
3866	748	810	430	653
3867	748	738	716	810
3868	266	706	272	705
3869	567	517	519	516
3870	369	372	721	521
3871	370	576	423	510
3872	414	412	791	152
3873	828	819	829	820
3874	820	617	819	829
3875	820	617	712	637
3876	820	712	617	821
3877	828	736	634	808
3878	650	619	628	97
3879	334	825	575	801
3880	830	771	800	801
3881	333	345	656	329
3882	333	345	657	656
3883	784	825	330	575
3884	830	334	336	335
3885	808	638	655	639
3886	808	820	821	638
3887	808	820	638	634
3888	293	300	296	295
3889	327	591	111	123
3890	511	551	822	785
3891	429	377	431	550
3892	623	632	552	668
3893	624	296	626	295
3894	293	325	337	327
3895	672	780	826	251
3896	672	418	826	670
3897	376	108	462	360
3898	722	602	250	249
3899	672	811	254	251
3900	767	659	523	726
3901	415	577	523	416
3902	417	513	763	523
3903	416	726	523	593
3904	577	775	424	578
3905	596	506	601	593
3906	429	550	508	377
3907	266	280	396	705
3908	511	510	785	512
3909	779	649	414	791
3910	784	334	825	575
3911	311	441	771	335
3912	830	771	578	800
3913	312	307	304	310
3914	771	775	800	809
3915	311	441	335	547
3916	441	809	126	437
3917	769	725	457	308
3918	771	801	809	800
3919	336	345	366	359
3920	429	550	511	509
3921	367	659	368	768
3922	767	771	578	336
3923	727	769	438	309
3924	767	726	768	659
3925	771	775	578	800
3926	549	428	616	362
3927	420	615	422	792
3928	283	259	420	632
3929	420	804	552	632
3930	625	704	284	286
3931	694	427	637	618
3932	549	615	422	420
3933	420	615	804	760
3934	420	804	615	792
3935	674	630	555	204
3936	598	599	564	657
3937	564	803	93	384
3938	564	599	803	657
3939	739	490	341	744
3940	754	818	829	616
3941	757	759	454	616
3942	759	818	454	616
3943	818	654	190	793
3944	759	188	818	821
3945	423	778	576	817
3946	415	581	381	424
3947	415	579	580	581
3948	423	424	477	799
3949	423	700	778	799
3950	423	799	778	817
3951	370	520	372	522
3952	648	520	546	649
3953	662	639	636	638
3954	493	501	499	554
3955	664	662	502	501
3956	500	688	637	502
3957	594	747	736	634
3958	516	755	747	773
3959	772	634	774	747
3960	772	763	518	773
3961	428	774	773	431
3962	749	678	795	472
3963	277	616	364	365
3964	754	818	616	793
3965	428	774	747	773
3966	828	754	829	819
3967	754	818	654	829
3968	428	754	747	819
3969	692	795	755	794
3970	794	795	755	805
3971	567	748	653	517
3972	529	374	515	531
3973	567	748	430	653
3974	274	680	278	679
3975	364	273	679	757
3976	259	88	760	95
3977	828	747	819	634
3978	828	736	747	634
3979	828	754	819	747
3980	828	754	654	829
3981	359	361	368	335
3982	771	441	775	809
3983	439	321	323	557
3984	352	359	351	361
3985	309	367	768	308
3986	727	769	309	725
3987	796	656	378	798
3988	796	792	378	766
3989	796	656	798	803
3990	796	766	599	797
3991	830	336	507	578
3992	830	507	336	334
3993	830	334	801	786
3994	830	578	771	336
3995	561	724	195	167
3996	621	290	288	707
3997	697	202	214	787
3998	291	745	168	724
3999	664	636	710	638
4000	558	724	561	562
4001	621	290	560	288
4002	673	167	166	667
4003	433	665	165	696
4004	343	346	348	403
4005	827	812	418	826
4006	827	417	416	418
4007	827	686	416	595
4008	827	416	417	595
4009	546	649	813	159
4010	520	546	814	785
4011	546	157	295	154
4012	537	295	546	512
4013	546	785	822	814
4014	550	431	720	377
4015	293	337	325	299
4016	521	523	576	522
4017	511	429	426	551
4018	755	773	522	551
4019	773	522	551	550
4020	550	773	763	720
4021	520	546	649	813
4022	541	537	294	143
4023	380	510	423	778
4024	370	371	520	649
4025	520	649	791	813
4026	522	513	815	520
4027	779	791	414	412
4028	493	554	496	495
4029	753	563	646	598
4030	500	688	504	505
4031	366	764	494	739
4032	494	496	768	367
4033	493	499	496	554
4034	366	764	345	505
4035	726	493	494	659
4036	635	759	821	188
4037	756	435	757	434
4038	759	818	188	191
4039	759	454	818	191
4040	759	818	616	617
4041	342	712	635	759
4042	511	550	551	785
4043	429	552	378	668
4044	300	295	511	626
4045	511	295	822	626
4046	511	546	822	295
4047	571	719	626	715
4048	607	237	236	46
4049	571	425	795	551
4050	388	681	703	164
4051	689	711	504	494
4052	493	504	711	494
4053	341	765	734	564
4054	341	599	765	564
4055	386	390	347	348
4056	476	479	120	477
4057	698	369	375	478
4058	698	122	700	478
4059	478	127	477	120
4060	735	242	35	241
4061	386	388	681	703
4062	399	387	807	193
4063	661	662	636	664
4064	339	340	341	734
4065	759	435	187	635
4066	665	696	661	165
4067	470	393	264	569
4068	475	569	174	175
4069	473	194	163	257
4070	569	265	186	184
4071	565	408	236	409
4072	569	186	265	793
4073	469	404	471	472
4074	474	137	411	467
4075	473	475	471	136
4076	376	462	536	375
4077	535	379	718	649
4078	607	46	138	139
4079	535	718	379	374
4080	535	414	153	139
