2775			
213	232	351	352
353	286	354	287
353	355	356	352
353	354	356	287
353	355	352	213
353	206	213	212
353	206	212	268
357	358	359	360
126	133	125	361
357	362	363	364
365	366	367	368
367	368	369	365
275	88	89	98
365	366	370	367
367	337	324	370
371	372	373	374
323	337	324	367
363	159	177	176
375	353	352	232
365	323	376	369
377	279	285	280
378	376	379	365
380	76	166	165
381	107	123	108
382	380	383	384
275	98	89	274
353	269	355	213
385	165	383	380
386	107	123	381
387	386	384	381
388	389	390	171
226	20	35	21
388	391	392	393
394	395	97	396
388	389	170	393
397	371	398	399
397	398	400	401
402	403	404	400
361	405	124	406
402	407	404	408
357	363	409	364
357	410	358	360
366	411	364	412
366	344	370	411
366	413	367	368
366	368	414	412
368	414	415	366
366	370	344	378
378	365	415	366
416	417	418	358
418	419	420	416
396	421	422	275
382	423	419	383
416	418	423	424
418	423	419	416
425	421	422	426
427	423	428	419
429	430	431	432
433	434	435	436
434	435	436	429
429	437	438	439
440	234	245	244
429	434	441	436
426	442	443	444
436	435	445	429
429	446	438	447
395	394	372	448
449	450	451	452
453	449	450	451
452	450	451	454
455	452	456	449
452	450	454	457
452	457	68	69
458	455	451	50
459	450	457	460
452	449	459	456
397	398	401	399
452	450	457	459
397	449	453	451
460	449	459	450
397	453	449	402
402	455	461	449
462	402	455	461
449	450	460	453
397	399	451	371
463	105	79	104
397	407	399	401
398	394	464	465
466	467	468	469
394	470	372	398
398	374	400	464
402	471	472	473
398	465	401	448
474	475	186	476
474	477	478	479
474	479	155	174
474	480	175	156
481	308	328	309
482	388	58	483
484	73	252	22
391	392	483	388
388	482	58	43
388	485	482	390
419	486	382	487
392	488	486	489
392	384	485	382
392	382	485	389
395	273	96	274
392	485	490	483
392	486	393	489
491	492	493	494
491	495	493	492
496	497	498	494
491	479	222	492
491	479	174	154
477	497	491	479
395	273	289	499
491	174	479	497
479	477	492	491
475	494	500	501
502	477	474	475
477	479	492	503
477	475	502	501
477	479	503	478
504	470	417	505
506	504	507	131
504	505	405	508
504	505	507	405
504	133	507	131
381	406	386	384
507	406	405	487
487	406	405	490
507	418	509	384
509	384	386	507
384	380	485	382
384	487	419	382
384	485	380	381
392	384	487	490
384	419	418	383
510	511	512	191
510	513	511	427
514	66	65	56
512	510	515	513
510	189	423	427
510	427	191	189
516	369	119	410
517	518	519	516
520	517	518	519
504	516	131	506
516	518	129	119
516	506	130	131
516	444	129	518
251	521	194	220
469	522	523	466
466	524	468	525
466	526	527	528
529	465	443	530
523	531	532	466
466	533	467	531
534	278	279	25
466	525	533	524
466	535	533	532
466	524	535	526
466	469	536	523
393	511	183	537
538	393	511	183
537	182	511	183
539	540	393	537
499	272	289	288
537	540	513	539
537	41	541	169
394	470	443	442
470	373	372	374
504	508	470	505
542	329	310	309
470	505	374	417
127	508	442	444
508	442	444	470
470	464	443	519
458	278	31	30
508	470	505	373
444	516	504	519
543	531	467	533
544	543	531	467
531	466	522	467
531	532	466	533
233	543	545	531
543	545	531	533
533	440	535	546
440	535	532	533
547	261	275	304
533	543	352	525
469	466	524	468
548	465	530	549
529	548	465	530
550	549	551	548
552	549	550	548
549	465	448	551
549	551	299	301
548	549	551	465
553	52	554	33
553	377	554	555
553	554	52	555
553	225	556	555
553	556	225	484
252	266	209	303
557	558	49	47
557	361	112	111
557	5	47	46
59	559	60	46
559	60	46	557
557	49	451	60
557	112	558	47
98	396	274	275
396	530	395	281
395	281	274	396
384	560	406	490
290	395	281	274
208	210	266	209
396	422	281	275
274	98	89	97
274	396	97	395
478	502	477	474
561	175	480	158
561	333	562	317
561	563	333	332
316	564	565	561
565	561	480	316
474	175	480	561
467	355	525	566
567	356	525	568
567	525	356	566
567	264	566	284
567	542	467	566
567	542	264	468
463	163	178	162
431	555	35	52
553	34	33	484
554	32	534	279
554	455	51	63
553	377	556	484
554	377	279	534
554	534	32	51
349	565	196	316
565	480	156	157
253	156	140	196
565	315	564	316
253	565	349	219
562	149	317	318
562	476	569	502
562	569	570	502
480	317	157	316
562	158	149	159
571	524	468	572
571	528	524	572
388	11	42	170
571	535	524	526
573	574	524	571
571	574	575	573
353	269	268	287
575	576	577	578
579	576	577	575
571	575	572	580
571	573	575	580
544	467	531	581
543	531	214	544
233	543	531	214
556	582	377	555
582	438	555	556
211	583	210	230
583	210	230	556
556	377	583	266
225	553	35	555
556	230	555	225
556	583	210	266
584	585	563	586
584	586	587	588
584	563	587	586
584	585	527	526
587	589	590	584
501	587	589	590
589	587	440	584
584	591	589	590
487	592	454	490
405	559	420	490
559	420	490	592
592	420	487	486
397	398	371	400
593	398	372	371
499	398	372	593
371	451	594	399
595	371	451	594
554	462	377	534
399	594	593	596
458	50	31	51
408	596	451	399
397	451	399	408
450	592	420	595
420	450	597	460
50	61	455	451
450	453	597	460
450	451	595	453
461	449	459	460
450	457	460	488
450	454	457	488
30	277	278	26
474	480	156	478
491	221	495	492
479	492	503	239
494	497	491	477
464	473	400	577
464	400	473	598
470	442	394	372
464	577	519	599
464	598	577	599
464	394	470	443
596	50	49	30
473	403	402	400
551	549	550	297
562	176	476	175
432	600	601	471
403	551	296	404
403	602	603	604
604	403	296	404
400	551	574	403
38	605	228	37
603	403	402	472
574	551	548	550
550	602	574	403
460	606	600	471
403	607	574	603
403	602	607	603
44	482	485	608
482	608	71	43
482	608	44	71
388	482	43	390
482	485	483	45
485	44	560	45
416	358	609	610
418	358	424	416
416	358	424	409
416	417	358	610
418	358	417	506
418	423	611	383
418	506	611	358
384	418	509	383
458	596	408	277
484	303	280	266
612	593	613	614
612	613	288	614
612	593	615	596
399	612	596	593
612	408	277	291
462	582	377	604
462	456	430	461
608	380	108	166
462	402	461	603
554	377	462	430
462	430	582	603
520	616	518	617
71	8	2	136
520	517	599	609
609	520	412	618
508	126	133	134
520	368	414	415
520	517	368	518
577	520	519	599
520	618	577	579
458	408	451	455
458	51	534	455
554	52	32	33
458	451	596	50
596	408	277	612
458	534	51	31
458	278	408	534
458	277	408	278
608	44	560	485
560	110	7	109
560	123	381	406
560	485	381	608
560	109	381	123
547	98	421	99
547	87	137	99
547	619	306	321
547	422	619	421
261	547	347	304
593	371	372	373
558	593	596	615
593	620	558	594
355	543	213	214
593	372	613	620
399	593	594	371
402	461	472	471
612	288	298	291
408	397	402	407
462	455	402	408
408	449	455	402
472	473	403	402
397	453	402	400
402	397	408	449
398	399	593	499
376	617	101	100
617	379	616	425
617	365	415	379
376	617	369	101
365	376	379	617
365	378	376	337
376	378	336	337
575	552	621	580
575	580	573	552
571	580	468	573
571	575	574	578
622	575	572	579
575	548	573	574
571	524	528	526
484	210	225	252
431	555	437	35
431	437	36	35
431	430	623	432
431	36	437	624
431	437	445	624
554	431	623	52
583	212	211	268
625	232	375	231
625	582	602	583
353	626	625	375
625	354	607	626
271	94	93	302
355	269	205	213
566	269	284	270
543	355	525	467
544	355	566	270
356	269	284	566
355	525	566	356
355	213	543	352
544	355	270	214
533	535	525	352
566	544	467	355
544	581	531	214
619	306	262	261
280	33	23	303
543	351	213	233
495	541	627	628
629	495	541	627
628	495	172	152
167	541	172	628
550	294	295	297
628	627	521	39
628	521	167	39
552	294	283	295
325	630	138	103
357	368	410	413
357	517	410	368
413	463	103	120
413	631	370	367
366	413	370	367
413	410	463	120
619	621	262	307
98	275	88	137
547	619	422	261
528	339	341	340
619	425	326	321
547	619	321	421
547	422	421	275
585	632	343	346
585	632	528	591
585	346	339	632
584	527	585	586
590	585	414	570
585	343	632	570
585	586	331	563
585	527	341	331
593	633	614	615
594	558	593	596
612	407	291	298
558	48	633	615
615	49	30	596
29	615	49	30
596	558	615	49
596	50	451	49
458	596	277	30
458	408	596	451
258	634	481	307
137	347	81	87
262	621	282	634
307	258	308	481
634	307	258	262
634	481	621	580
634	621	481	307
425	621	307	379
575	621	529	622
621	580	552	282
634	621	282	580
481	621	379	307
621	616	422	443
621	529	622	443
621	282	530	281
621	422	281	530
520	518	368	617
616	425	422	426
520	616	415	579
621	616	622	379
415	379	616	617
616	622	579	443
558	113	4	112
558	4	113	48
596	558	451	594
558	633	48	113
558	112	620	113
633	48	70	29
396	395	443	394
484	73	22	34
396	530	281	422
395	281	530	290
411	344	335	334
395	448	465	394
396	421	117	426
97	394	116	96
395	394	96	372
395	448	289	290
592	487	488	486
592	420	595	559
311	581	350	215
592	450	488	454
597	417	420	610
597	417	505	420
597	595	505	374
597	420	606	610
597	606	420	460
436	441	503	434
614	288	276	271
434	436	635	503
434	635	433	248
429	434	435	439
434	439	249	435
434	248	433	249
616	425	426	617
376	425	336	379
616	422	443	426
425	99	421	426
619	425	321	421
425	379	326	336
437	227	624	36
437	445	241	435
437	226	555	240
437	445	227	241
564	586	636	637
561	564	332	316
495	152	638	221
478	565	156	224
565	564	637	561
316	565	196	157
478	561	480	565
533	543	525	467
564	218	636	314
224	219	637	565
564	218	199	219
564	315	199	314
559	45	46	59
305	310	255	265
557	559	60	595
542	310	256	309
559	454	59	60
111	559	557	361
559	111	110	361
396	394	426	117
639	492	635	494
445	627	605	640
124	405	361	133
640	639	445	627
639	641	493	494
639	435	445	436
639	492	640	635
639	640	247	635
639	640	435	247
568	283	284	295
494	477	475	497
474	477	497	475
475	501	569	502
477	503	642	478
477	642	502	478
634	283	580	282
576	571	575	579
580	552	282	283
283	568	264	580
283	580	552	568
468	580	481	264
581	305	566	265
263	264	308	481
312	216	201	313
569	502	501	590
475	569	501	500
569	502	590	570
562	569	364	570
588	234	216	217
479	222	492	239
562	569	476	364
123	381	406	386
475	569	476	502
408	407	292	291
293	282	549	294
449	461	402	453
522	350	310	311
398	399	499	401
408	534	292	404
505	595	361	373
505	420	417	507
470	505	373	374
309	481	264	468
559	595	505	420
262	259	261	306
182	512	191	184
515	192	643	187
500	496	515	428
428	513	496	515
496	513	498	512
641	496	513	498
513	510	515	428
512	496	515	643
515	513	496	512
616	518	617	426
497	512	643	496
510	512	511	513
233	545	216	215
425	426	100	99
619	422	425	421
547	421	98	275
422	275	261	281
421	117	426	99
396	422	421	426
348	630	138	325
320	630	195	348
630	162	80	104
630	463	104	103
630	162	195	80
173	512	185	497
98	396	117	97
491	477	492	494
512	511	498	182
428	515	424	510
496	641	513	428
497	494	500	475
161	630	195	320
631	319	362	335
631	319	161	362
413	360	631	463
631	463	103	413
631	325	367	103
631	370	325	335
466	533	525	467
466	528	524	526
568	524	550	525
524	525	568	468
571	591	526	528
547	99	421	321
420	419	486	606
420	610	419	606
597	606	460	453
597	417	598	374
418	417	420	507
420	487	507	405
592	460	420	486
460	592	420	450
413	631	360	370
413	463	410	360
463	611	105	410
463	161	162	178
178	463	611	163
463	162	79	163
139	198	253	349
463	105	163	79
566	542	264	567
547	306	347	321
573	568	524	550
567	525	467	468
349	219	198	253
485	388	483	392
388	485	390	389
454	487	483	488
482	485	388	483
482	58	45	483
429	431	430	437
430	447	582	603
430	461	432	447
430	438	582	447
158	562	561	175
644	645	590	569
569	644	364	570
561	565	478	637
629	539	641	646
629	539	646	514
629	539	498	641
537	498	629	539
629	495	493	498
629	495	627	493
537	629	541	514
639	629	647	627
304	261	260	347
522	531	467	581
522	310	542	329
522	523	531	311
279	24	32	25
115	442	126	373
504	508	133	134
470	464	398	394
378	336	337	345
508	444	127	134
140	156	224	141
392	382	389	393
617	101	100	118
562	476	363	364
363	476	176	177
562	363	176	159
363	515	409	476
334	333	318	363
160	363	178	362
357	363	359	409
363	515	476	177
363	362	359	178
353	206	269	213
520	518	616	519
438	231	242	230
368	617	518	369
631	360	370	362
410	367	368	369
520	415	616	617
357	370	366	413
370	364	357	366
366	648	412	414
513	540	427	428
367	323	102	324
510	513	427	428
638	495	221	237
229	521	220	638
372	373	115	114
638	229	640	237
628	638	521	627
628	638	152	521
152	638	221	220
495	640	237	638
375	439	546	446
436	429	446	441
446	439	546	441
438	375	607	446
607	375	626	649
625	375	626	607
429	446	447	436
649	446	441	436
378	336	345	338
290	549	299	293
282	549	294	552
575	621	622	580
621	529	548	575
549	395	448	465
548	550	573	574
597	505	595	420
621	552	530	282
450	449	459	452
595	371	373	374
595	373	371	594
559	505	405	420
592	487	420	490
559	490	405	361
517	516	417	506
398	394	465	448
379	336	338	326
464	443	465	394
395	465	443	394
465	551	548	574
465	400	551	574
465	551	400	401
465	448	551	401
580	283	263	264
491	498	495	173
511	182	191	183
495	173	498	172
625	286	583	602
625	582	438	607
556	582	583	377
625	582	607	602
582	603	607	602
582	447	607	603
582	377	604	583
554	462	456	430
553	377	555	556
553	377	484	280
554	623	431	430
553	33	280	484
460	459	514	457
457	460	489	514
457	66	488	68
308	258	257	263
592	450	460	488
474	561	478	502
474	497	477	479
474	155	478	156
562	570	333	563
363	333	318	562
564	637	563	586
587	502	637	563
561	317	562	158
439	429	446	438
632	411	414	570
632	591	415	572
437	240	435	241
353	268	625	286
583	604	286	285
544	355	214	543
531	581	311	215
531	214	581	215
215	523	532	216
437	226	240	227
531	523	532	215
562	364	333	570
357	364	409	412
364	362	335	370
357	363	362	359
364	412	644	409
357	412	366	364
363	362	160	319
364	570	644	411
382	419	423	427
385	389	380	382
226	36	20	227
388	392	389	393
397	451	453	371
308	264	263	257
432	623	624	646
380	389	485	382
448	290	299	289
387	384	380	381
392	487	384	382
384	418	419	487
611	358	410	360
463	611	410	360
568	284	283	264
611	506	121	410
549	301	297	551
439	243	546	250
446	649	546	375
434	439	250	249
631	325	320	335
434	250	439	441
438	230	242	240
268	625	583	212
383	418	423	419
611	359	179	424
413	367	120	103
357	413	410	360
357	409	517	412
611	360	178	359
611	358	506	410
33	280	24	32
357	360	359	362
357	366	412	368
463	105	120	410
38	521	72	229
628	627	39	541
521	15	194	167
194	220	145	251
229	521	72	251
521	627	38	39
521	194	15	72
517	609	520	412
412	618	644	609
364	335	362	334
360	370	362	357
366	412	648	411
357	370	413	360
367	370	324	325
324	103	83	102
541	169	182	537
557	46	47	60
367	323	369	102
357	412	517	368
413	631	367	103
120	369	102	367
356	287	295	284
461	646	623	432
431	623	624	432
431	437	555	430
432	601	447	472
432	471	601	472
429	431	445	432
436	445	646	432
432	471	461	600
432	436	601	600
502	637	478	642
566	305	270	265
605	624	55	647
99	86	100	321
605	624	647	445
37	605	228	624
638	229	605	640
605	627	55	38
310	581	305	350
544	270	581	214
305	214	204	254
215	581	350	254
522	542	310	581
522	531	581	311
616	415	579	379
632	591	572	528
378	648	415	345
632	585	528	339
632	411	343	648
415	414	579	591
624	432	445	431
554	63	623	456
554	462	534	455
462	430	377	582
230	583	556	438
555	438	240	230
556	210	225	484
482	608	43	390
482	485	608	390
608	44	71	8
608	71	136	8
459	623	456	461
459	514	66	65
452	456	459	69
459	623	64	456
587	441	501	589
441	589	440	649
587	441	440	235
441	245	546	440
441	436	501	649
584	588	587	440
591	584	589	526
595	451	371	453
398	470	372	374
374	400	453	371
351	233	232	213
539	540	428	486
565	253	349	196
486	540	393	539
600	646	539	486
486	646	539	514
537	513	540	511
629	647	541	514
589	440	649	650
589	591	650	576
589	650	651	576
337	365	367	323
440	526	650	589
589	651	650	649
441	589	649	501
329	522	523	469
466	532	526	535
571	535	526	591
526	588	440	532
526	440	535	532
584	588	440	526
526	584	589	440
589	526	650	591
527	588	584	526
586	527	588	584
649	650	440	535
535	649	546	440
526	532	527	588
524	573	550	574
650	535	651	576
388	170	389	171
389	390	171	181
181	385	389	380
388	390	43	171
388	392	485	389
390	380	389	485
265	581	305	310
355	352	525	356
567	284	566	356
581	467	542	566
523	469	536	329
466	469	522	467
567	568	525	468
466	467	525	468
466	532	523	536
574	524	571	535
580	481	622	572
252	16	22	73
575	573	548	552
571	574	535	578
572	571	580	468
364	412	411	644
160	161	147	319
366	364	411	370
364	411	334	333
363	177	178	359
497	498	494	491
495	493	492	640
491	495	498	493
37	624	55	605
445	624	227	228
646	432	445	624
608	44	8	109
624	445	646	647
449	460	461	453
459	624	54	623
437	624	227	445
437	438	439	240
339	585	528	341
554	431	555	430
624	623	53	54
431	36	624	53
437	445	429	431
429	447	432	436
352	232	351	375
639	445	435	640
228	38	18	229
533	535	375	546
355	352	543	525
639	436	433	435
353	355	269	356
525	626	354	352
269	355	566	356
522	311	329	523
566	270	284	265
522	329	542	469
567	264	284	568
542	469	329	309
542	265	264	256
542	310	265	256
426	617	425	100
425	376	617	379
365	369	376	617
365	368	369	617
502	587	590	563
396	422	443	530
394	115	442	116
398	464	400	465
443	470	444	442
394	115	372	442
419	427	540	428
370	324	335	337
384	507	418	487
387	384	386	383
420	487	486	419
420	460	606	486
505	405	420	507
392	483	487	488
419	486	606	652
383	384	386	509
357	409	358	517
424	418	423	611
251	229	521	220
416	609	358	409
419	486	652	428
492	494	503	635
479	142	154	222
494	493	498	641
494	436	639	641
496	494	641	500
494	503	635	436
376	323	101	369
561	316	332	317
396	422	426	443
425	421	99	321
547	619	261	306
621	422	616	425
426	128	518	118
617	426	118	100
76	387	380	108
382	486	393	392
389	380	390	181
165	383	380	387
594	125	114	112
108	76	166	380
560	381	109	608
485	608	390	380
135	113	3	70
633	615	48	29
70	29	28	302
302	94	93	135
117	394	97	396
619	621	307	425
369	410	120	119
617	118	369	101
369	518	119	118
617	369	118	518
470	508	504	444
518	516	517	369
519	516	504	417
516	130	410	119
37	38	18	228
646	641	493	639
495	640	627	493
624	605	228	445
627	639	445	647
430	432	461	623
638	38	521	627
638	627	605	38
639	433	635	247
640	435	247	241
423	428	419	416
56	537	41	541
434	248	441	503
537	539	489	393
511	393	382	540
486	382	487	392
513	539	428	641
636	313	588	586
636	314	218	200
636	588	234	235
636	588	217	234
196	316	151	349
642	235	587	637
564	636	218	637
633	615	276	614
29	277	27	276
399	612	593	499
612	593	614	615
398	499	372	448
593	633	613	614
30	277	27	29
558	48	615	49
646	460	486	600
392	391	483	488
5	47	4	112
488	592	454	487
419	540	486	428
539	489	486	514
392	393	391	489
382	389	538	385
537	511	540	393
496	500	515	643
515	476	187	643
409	500	476	515
644	409	500	476
515	424	359	409
377	583	266	285
377	292	534	604
210	266	209	252
431	623	53	624
625	438	582	583
237	495	221	492
475	497	186	643
474	479	174	497
474	561	502	562
637	565	478	224
478	642	239	503
478	642	236	239
478	637	224	236
491	174	497	173
587	441	235	642
636	218	637	235
565	253	224	219
637	642	235	236
219	637	565	564
561	332	564	563
564	314	563	332
575	580	622	572
573	468	568	580
580	572	468	481
575	572	579	571
575	578	577	574
575	529	548	574
621	622	616	443
622	481	379	572
616	622	379	579
370	344	378	337
520	414	368	412
366	344	411	648
364	335	334	411
630	631	463	103
370	365	367	337
554	430	555	377
556	484	377	266
458	51	455	50
554	534	51	455
462	377	534	604
462	534	404	604
534	604	292	404
458	408	455	534
534	31	25	32
408	534	278	292
612	408	291	407
534	278	25	31
613	94	95	92
613	614	271	288
612	613	499	288
197	255	305	350
612	615	276	277
613	620	372	95
593	499	613	372
107	387	381	386
380	383	384	387
560	44	608	109
560	7	110	45
136	166	75	193
485	381	608	380
608	108	381	136
71	171	10	43
474	186	497	174
373	126	114	125
628	167	521	152
629	541	495	498
437	439	435	240
629	641	493	646
494	436	601	645
494	500	653	641
545	531	215	233
523	311	312	202
467	469	542	468
467	566	525	567
581	566	542	265
523	311	202	215
621	552	548	530
481	308	307	327
627	55	38	39
622	481	621	379
219	565	349	315
481	572	328	327
622	579	572	379
613	94	92	271
620	594	114	112
558	620	112	594
593	371	373	594
558	620	633	113
594	451	557	558
135	94	113	633
379	425	326	307
464	529	443	519
464	465	529	400
396	395	530	443
616	519	518	444
621	422	262	281
549	395	290	448
394	116	442	117
616	443	519	444
594	125	373	114
594	125	361	373
94	633	302	271
302	29	28	276
557	559	595	361
491	174	173	154
399	596	451	594
557	558	451	49
307	259	258	262
217	636	313	588
586	527	331	330
619	306	307	262
587	636	586	637
584	587	563	590
525	524	550	354
587	563	637	586
541	647	55	56
167	541	40	168
537	498	182	541
539	600	486	652
537	513	498	539
628	638	627	495
541	172	498	182
629	647	514	646
636	313	314	200
564	563	314	586
586	536	527	330
586	536	532	527
588	235	440	234
650	526	440	535
312	588	313	586
636	586	314	313
361	490	405	406
490	110	406	361
361	559	490	110
450	595	451	454
559	361	505	595
361	112	111	125
455	63	62	51
361	133	125	124
645	500	569	644
365	366	378	370
357	366	368	413
644	590	414	570
545	234	233	216
644	590	618	414
377	604	583	285
569	476	644	500
638	220	152	521
548	529	465	574
296	297	301	551
551	400	407	404
403	402	404	603
403	550	602	297
403	602	296	297
52	555	35	553
582	583	604	602
626	352	353	354
607	578	626	574
607	578	651	626
607	626	651	649
649	446	607	375
607	626	354	574
472	607	578	651
429	436	432	445
582	603	602	604
525	626	352	535
574	626	354	524
354	625	286	353
211	583	267	210
625	607	354	602
626	375	535	649
608	390	171	43
608	108	380	381
560	110	490	45
608	166	193	171
571	468	524	573
585	591	526	584
533	545	546	351
533	440	546	545
626	535	651	649
525	550	356	354
568	580	552	573
525	356	550	568
216	588	313	312
533	375	351	546
571	576	535	591
548	573	550	552
607	447	651	472
613	272	499	288
593	633	558	620
371	399	593	398
612	596	615	277
465	574	529	400
400	577	574	529
598	374	400	453
612	593	499	613
371	398	374	400
583	268	211	267
446	447	607	438
582	607	447	438
583	602	286	604
602	297	354	286
492	635	503	239
635	433	248	247
635	248	503	239
640	635	237	247
628	152	638	495
639	629	493	646
639	492	493	640
639	494	635	436
639	493	492	494
622	443	529	579
481	379	327	307
422	262	619	621
415	579	379	572
415	379	378	338
521	15	39	72
379	365	415	378
376	336	425	322
611	359	358	360
520	618	609	599
517	599	609	610
517	417	599	610
538	385	190	427
393	389	170	183
181	538	183	389
608	109	136	381
554	623	63	52
459	65	54	647
462	408	404	534
623	456	63	64
605	228	445	640
523	532	216	312
458	596	30	50
154	142	143	222
452	457	69	459
554	63	456	455
456	455	63	62
642	503	246	239
586	563	314	331
474	478	561	480
475	186	476	643
587	441	642	501
459	514	647	646
437	36	35	226
629	627	541	647
647	514	65	56
437	430	438	555
541	514	56	537
541	647	56	514
445	241	640	228
537	629	514	539
504	507	505	417
470	374	464	519
597	374	453	595
464	400	598	374
549	552	282	530
398	499	448	401
70	113	3	48
610	416	417	420
489	57	391	67
489	514	56	66
489	537	41	56
489	488	67	391
537	489	539	514
537	489	41	393
486	460	489	488
474	186	475	497
479	154	142	155
497	643	185	186
491	492	222	221
586	532	312	588
526	535	650	591
452	61	62	69
235	587	637	636
632	415	345	338
249	439	240	435
546	244	440	245
533	352	351	375
441	546	245	250
144	152	221	220
439	242	375	243
440	545	234	244
546	351	545	244
546	243	375	244
441	503	248	246
515	476	177	187
441	642	246	235
446	649	447	436
533	352	543	351
381	109	136	108
131	506	509	507
358	410	517	506
617	118	426	518
506	131	509	121
611	164	78	106
611	106	509	383
423	164	179	611
611	121	105	410
103	325	82	138
640	241	237	228
416	424	423	428
377	266	484	280
449	456	461	459
459	65	69	64
61	455	451	452
459	66	69	65
470	508	442	373
553	554	280	33
462	455	408	534
449	397	408	451
402	473	598	471
126	361	125	373
168	541	169	182
559	505	361	405
452	68	61	69
490	454	59	559
508	361	126	373
446	375	439	438
431	52	53	623
438	583	556	582
133	361	508	405
462	603	582	604
463	104	103	120
435	437	445	429
34	225	553	35
429	438	430	447
553	280	554	377
357	358	410	517
168	167	541	172
516	417	519	517
113	633	70	135
441	246	642	503
520	599	517	519
643	192	185	187
357	358	409	359
157	316	151	196
420	416	417	418
418	611	506	509
365	368	617	415
369	516	517	410
516	369	518	119
630	161	195	162
631	362	370	335
370	335	411	344
569	644	476	364
412	414	648	411
424	189	188	179
632	411	648	414
557	595	60	451
411	648	344	343
411	333	570	343
166	608	136	108
150	157	316	151
488	391	483	67
488	67	454	68
392	488	489	391
457	459	514	66
452	451	449	455
548	575	552	621
520	577	618	599
464	598	599	519
456	64	69	62
210	583	267	266
592	595	450	454
566	264	265	284
303	484	252	266
577	574	578	473
579	577	520	519
533	351	543	545
266	210	208	267
377	534	292	279
523	536	532	312
536	312	586	532
536	469	340	329
527	340	528	341
528	466	536	527
341	346	339	585
527	340	536	528
515	189	192	188
358	517	610	417
416	428	409	424
423	189	424	179
194	9	251	145
423	180	385	190
423	383	385	164
611	358	424	418
423	385	427	190
392	488	487	486
216	545	588	532
638	521	38	229
276	633	302	29
545	351	233	244
30	278	31	26
546	351	244	375
384	406	560	381
419	606	610	652
457	66	68	69
382	389	393	538
380	181	385	165
540	486	393	382
554	32	280	33
560	490	110	406
488	67	68	66
471	472	473	654
387	380	108	381
384	560	485	381
623	53	64	63
391	41	393	42
446	546	649	441
457	489	460	488
431	53	35	36
72	229	17	38
73	484	303	33
459	54	65	64
382	423	383	385
391	483	67	58
495	541	172	498
97	396	274	98
459	461	460	646
452	61	454	451
629	498	493	641
148	319	160	147
551	407	400	401
524	568	573	468
530	621	529	548
539	486	428	652
541	627	39	55
537	629	498	541
447	432	472	461
41	57	391	489
514	460	486	646
557	49	60	47
557	361	595	594
558	48	49	47
605	55	627	647
590	414	591	576
607	354	602	574
225	21	35	34
602	604	403	296
375	244	243	232
515	359	424	188
602	286	604	296
403	574	472	603
399	612	407	408
553	52	34	35
377	292	604	285
430	582	555	377
354	550	602	574
400	403	404	551
408	277	291	278
27	28	29	276
624	36	54	53
462	404	402	603
431	35	53	52
482	44	58	43
607	578	574	472
466	536	469	528
385	165	181	180
571	579	576	591
535	578	651	576
513	540	511	427
599	598	610	417
520	368	517	412
418	420	419	487
464	577	529	519
509	106	122	386
406	132	124	123
520	414	618	579
488	483	454	67
489	41	393	391
251	72	17	9
227	19	37	36
633	271	276	302
490	487	483	454
384	560	490	485
597	505	417	374
393	539	489	486
62	455	452	456
554	32	52	51
452	454	61	68
459	514	65	647
501	500	569	645
409	428	515	424
363	359	515	177
559	595	454	60
558	4	48	47
500	428	609	653
42	57	391	41
477	503	494	501
494	645	500	501
512	515	192	643
610	654	652	606
227	37	19	228
599	618	609	654
577	579	618	576
416	419	420	610
517	599	417	519
625	583	286	268
625	438	375	607
640	247	237	241
229	18	17	38
639	493	627	640
433	249	248	247
353	625	232	375
354	356	295	550
528	466	524	469
375	352	353	626
113	4	3	48
302	93	1	135
426	128	117	442
168	14	13	40
194	72	251	9
444	129	518	128
519	443	470	444
608	136	109	8
508	127	442	126
516	444	134	129
610	652	654	609
416	652	610	609
652	654	653	600
40	167	14	39
537	514	56	489
652	653	428	641
652	600	653	641
416	428	652	609
33	23	24	280
632	338	339	572
632	648	415	414
414	618	579	576
644	609	500	409
644	414	411	570
590	618	576	645
585	343	570	342
373	593	620	372
412	644	409	609
96	395	97	394
644	618	653	609
585	341	527	528
624	36	227	37
456	64	62	63
641	436	639	646
313	217	201	200
637	219	236	218
434	635	436	433
441	429	446	439
454	59	60	68
385	181	190	180
560	485	45	490
358	409	359	424
434	503	635	248
512	191	184	192
601	651	472	654
601	472	651	447
482	44	43	71
601	653	645	654
494	601	641	653
494	601	436	641
601	651	436	447
7	8	44	109
625	438	231	375
43	608	71	171
166	75	76	108
460	461	600	646
12	169	42	170
432	461	646	600
560	123	406	110
506	131	121	130
110	406	361	124
405	505	361	508
405	406	132	124
515	192	187	188
490	384	487	406
405	132	406	507
406	386	132	123
138	325	82	348
405	132	507	133
348	138	74	82
528	591	526	585
565	316	480	157
587	588	235	440
195	320	146	161
494	501	436	645
643	500	476	475
632	345	648	343
175	562	561	474
478	156	155	224
436	649	651	501
412	411	644	414
645	653	618	654
587	586	636	588
491	493	498	494
651	501	645	436
410	130	121	120
653	645	644	500
500	476	475	569
601	645	436	651
601	600	654	471
650	535	649	651
651	436	447	649
403	607	602	574
652	609	428	653
599	598	417	519
416	652	428	419
644	653	500	609
457	69	459	66
520	412	618	414
429	430	432	447
492	640	237	495
516	517	410	506
639	436	445	646
451	60	49	61
601	600	641	653
436	641	600	646
584	585	591	590
620	114	94	113
500	653	641	428
481	469	328	572
457	489	66	514
392	384	490	485
483	454	67	59
365	415	366	368
483	490	59	45
485	483	45	490
504	405	133	508
523	329	536	312
46	111	110	559
298	612	407	401
595	60	451	454
442	116	115	127
620	114	373	372
615	593	633	558
486	606	652	600
451	61	454	60
469	340	572	528
388	58	42	43
595	373	594	361
397	453	400	371
594	373	593	620
399	499	401	612
611	105	121	106
499	448	298	289
273	372	499	395
507	131	133	132
446	649	607	447
509	122	106	121
626	535	574	578
375	351	244	232
588	440	532	545
546	440	244	545
439	441	250	546
557	111	112	5
620	113	112	114
242	375	438	439
613	620	95	94
558	47	112	4
533	440	545	532
418	420	487	507
515	424	189	188
510	423	189	424
538	190	183	511
382	427	385	538
382	511	540	427
557	558	112	594
538	511	393	382
423	189	190	427
382	511	427	538
611	423	164	383
382	385	427	423
630	138	103	104
544	467	581	566
370	335	324	325
532	526	527	466
524	469	572	528
463	120	105	104
309	469	481	468
469	572	340	328
522	581	350	311
535	546	649	375
543	213	351	352
626	352	535	375
434	441	248	250
232	353	352	213
234	216	545	588
410	120	121	105
216	215	545	532
533	545	531	532
609	653	654	618
652	654	600	606
401	298	299	300
383	165	164	106
537	513	511	498
193	71	2	136
432	436	600	646
494	601	653	645
270	355	566	269
501	436	441	503
396	98	421	275
569	590	644	570
489	57	67	66
424	359	179	188
116	117	394	97
499	298	448	401
512	184	498	173
108	166	75	136
512	496	497	498
524	626	525	535
512	192	185	643
630	463	162	104
599	654	610	598
387	107	76	165
541	169	41	168
381	108	123	109
382	383	380	385
107	383	386	106
592	490	559	454
165	77	106	107
363	364	476	409
515	643	500	476
387	107	108	76
358	517	417	506
367	120	103	102
361	111	124	125
510	423	428	427
639	433	247	435
501	649	651	589
513	539	641	498
274	90	96	97
459	624	647	54
608	380	166	390
322	323	85	101
601	600	436	641
571	591	572	579
638	605	229	38
476	187	176	177
551	300	301	296
275	547	137	98
638	495	640	627
492	238	635	239
639	647	629	646
54	37	624	55
408	292	407	404
612	499	298	288
407	404	292	300
407	298	401	300
402	598	453	471
397	407	401	400
380	181	165	166
597	453	374	598
539	600	652	641
450	597	453	595
598	471	654	606
322	86	100	85
323	101	102	84
516	134	131	130
598	402	400	473
401	612	407	399
499	273	289	272
362	364	334	363
453	598	402	400
323	85	101	84
611	105	106	78
516	130	506	410
486	419	382	540
126	133	361	508
423	189	179	180
80	195	138	74
592	595	454	559
636	313	200	217
620	114	594	373
374	417	598	519
442	126	373	508
645	618	576	654
491	153	222	154
420	490	487	405
486	460	606	600
483	490	454	59
440	245	234	235
432	601	436	447
489	488	66	67
452	68	457	454
505	374	595	373
565	315	316	349
510	191	512	192
457	68	488	454
457	66	489	488
597	417	610	598
517	369	368	518
474	155	156	175
180	423	164	179
562	502	570	563
561	478	502	637
474	175	476	186
480	175	156	157
515	177	359	188
565	196	157	156
541	627	55	647
644	653	618	645
476	187	643	186
541	39	40	55
475	502	476	474
379	378	338	336
196	565	253	156
365	376	323	337
378	648	345	344
617	425	100	376
611	178	163	179
515	500	428	409
463	611	163	105
630	195	348	138
496	641	428	500
416	652	419	610
459	624	623	646
512	511	513	498
630	138	104	80
598	471	606	453
460	471	453	606
601	472	471	654
389	538	183	393
183	389	170	181
402	603	472	461
359	178	179	188
359	177	178	188
462	404	603	604
489	56	57	66
595	450	597	420
486	489	460	514
595	594	451	557
620	95	114	372
607	472	603	447
549	293	530	282
538	181	183	190
427	191	189	190
607	574	603	472
607	447	649	651
537	41	169	393
611	179	359	178
83	103	325	82
388	391	393	42
603	461	447	472
537	393	169	183
387	386	107	383
483	388	58	391
388	170	42	393
389	385	181	538
516	417	506	504
162	79	80	104
318	363	319	334
611	383	164	106
539	641	652	428
507	506	509	418
398	448	372	394
541	172	182	168
444	128	442	127
393	183	170	169
633	302	70	135
108	387	381	107
511	190	183	191
372	115	373	442
394	372	115	96
391	57	58	67
572	528	340	339
481	468	469	572
388	170	171	11
193	608	136	166
539	646	600	641
382	419	427	540
391	57	42	58
575	579	529	577
388	42	58	391
619	422	621	425
307	425	326	619
479	222	239	223
165	387	380	76
521	72	251	194
389	171	170	181
150	157	317	316
556	438	555	230
379	572	327	338
571	528	572	591
378	337	344	345
631	319	335	320
520	415	617	368
415	379	338	572
224	155	141	156
410	369	368	517
426	117	100	99
562	176	175	158
585	414	632	591
415	338	378	345
39	14	15	167
521	38	72	39
153	144	221	143
369	101	102	323
495	173	172	153
597	606	598	610
648	415	345	632
153	222	143	221
168	167	14	40
632	411	570	343
479	223	155	142
573	550	552	568
502	590	570	563
549	395	530	290
568	264	580	468
41	40	168	13
161	362	319	160
103	367	324	325
265	566	542	264
12	11	170	42
466	533	535	524
541	40	168	41
552	568	295	283
567	568	468	264
393	42	169	170
10	43	171	11
106	383	386	509
509	386	122	132
388	11	171	43
470	519	417	374
483	58	45	59
648	366	378	415
504	516	134	131
134	444	516	504
358	517	609	610
562	364	363	333
386	106	122	107
413	410	120	367
509	386	132	507
406	384	487	507
59	490	559	45
83	102	84	324
611	78	164	163
611	163	164	179
360	631	463	161
631	367	325	370
362	160	161	178
404	400	407	402
631	161	360	362
594	361	125	112
464	374	598	519
403	400	473	574
464	473	577	598
171	608	71	193
471	600	654	606
608	390	166	171
577	473	654	598
110	6	111	46
163	79	105	78
524	535	574	626
407	397	402	400
360	362	161	178
385	164	180	423
363	160	159	318
463	162	104	79
417	519	470	504
570	563	342	333
644	590	645	618
458	31	50	30
630	138	80	195
360	178	463	611
231	242	375	438
478	223	224	155
538	190	511	427
392	490	487	483
510	191	427	511
643	185	186	187
460	461	471	600
437	35	555	226
491	495	153	173
39	541	40	167
477	642	501	502
224	155	223	141
185	497	512	643
639	445	647	646
491	498	173	497
184	173	512	185
155	142	223	141
621	529	443	530
474	186	174	175
628	495	541	172
474	175	174	155
541	55	40	56
498	172	184	182
479	223	239	478
426	444	518	128
521	167	194	152
251	229	17	72
616	519	443	579
492	237	635	238
451	50	61	49
635	238	237	247
435	247	241	249
537	511	182	498
647	55	65	54
543	214	233	213
242	249	439	240
537	182	183	169
623	64	53	54
624	54	55	647
624	36	37	54
491	495	221	153
393	42	41	169
551	300	299	301
363	515	359	409
538	385	181	190
510	423	424	428
510	512	515	192
497	185	174	186
270	214	204	305
512	497	173	498
297	549	550	294
510	192	515	189
254	581	305	214
496	494	498	641
479	503	478	239
569	645	590	501
652	609	653	654
494	500	645	653
496	500	643	497
522	467	469	542
355	544	467	543
353	287	356	269
197	305	204	254
356	568	284	295
354	297	550	295
575	579	622	529
525	354	356	352
398	465	400	401
549	530	395	465
619	306	321	326
443	519	529	579
395	273	274	290
396	281	274	275
599	610	654	609
464	400	529	577
577	579	529	519
355	213	205	214
355	269	270	205
577	654	473	578
303	209	252	16
604	285	296	286
177	160	363	178
585	414	591	590
365	370	378	337
430	582	438	555
366	648	378	344
399	596	612	408
435	241	240	249
459	623	54	64
556	484	266	210
439	434	441	429
484	252	225	22
462	402	404	408
598	471	473	654
469	329	328	340
550	403	551	297
402	453	461	471
228	624	227	37
153	222	154	143
625	438	583	231
492	238	239	222
602	354	297	550
353	625	268	212
555	226	230	240
459	647	624	646
601	645	651	654
611	423	424	179
651	472	654	578
462	430	603	461
551	407	401	300
445	640	241	435
628	167	152	172
474	175	562	476
632	415	591	414
30	27	277	26
474	479	478	155
408	292	278	291
41	42	12	169
561	317	332	333
626	651	535	578
577	576	618	654
512	184	182	498
547	321	347	87
452	456	69	62
333	364	363	334
530	281	293	290
541	40	41	56
502	587	501	590
353	286	287	268
500	609	428	409
441	250	245	246
597	453	598	606
589	501	645	651
217	216	588	313
479	142	222	223
638	220	237	221
533	525	535	524
352	535	375	533
479	155	174	154
390	181	166	171
439	240	438	242
41	169	13	168
492	238	222	221
441	642	501	503
384	406	386	507
406	132	386	507
509	131	507	132
383	106	107	165
441	235	246	245
564	315	332	316
564	332	315	314
441	250	246	248
635	248	238	247
45	482	485	44
229	605	228	38
445	228	227	241
605	228	640	229
592	488	460	486
387	165	383	107
459	64	69	456
449	455	461	456
555	554	52	431
144	145	152	220
110	45	46	559
375	242	231	243
416	609	409	428
610	654	606	598
628	167	541	39
418	611	509	383
106	509	121	611
509	121	611	506
567	356	568	284
395	448	499	289
476	176	186	175
588	234	440	545
590	618	414	576
532	215	545	531
353	232	625	212
552	295	568	550
621	422	530	443
270	214	205	204
394	115	116	96
395	273	290	289
542	469	309	468
634	481	580	263
415	579	572	591
226	21	35	225
555	225	226	35
574	472	473	403
225	22	21	34
589	501	590	645
575	574	577	529
139	196	253	140
551	300	401	299
294	552	549	550
480	175	157	158
464	465	443	529
551	401	448	299
549	448	299	551
362	370	364	357
523	531	466	522
526	585	527	528
564	636	586	314
578	574	472	473
353	354	352	356
637	224	236	219
589	645	590	576
110	6	46	45
158	317	157	480
516	444	518	519
632	415	338	572
563	332	342	333
366	414	415	648
512	184	185	192
504	417	506	507
372	272	95	273
358	517	409	609
374	464	398	470
577	599	654	618
421	98	396	117
417	506	507	418
259	261	306	260
484	34	33	73
429	435	437	439
601	653	654	600
554	456	462	455
554	32	279	280
48	633	70	113
448	299	401	298
534	32	51	31
494	503	436	501
442	128	117	116
638	229	237	220
243	375	439	546
522	350	581	310
645	651	654	576
523	329	312	311
437	555	438	240
369	101	118	119
440	649	546	441
226	20	36	35
214	581	305	270
497	185	173	174
379	326	327	307
616	444	426	443
216	201	313	217
309	257	256	264
577	576	654	578
426	444	128	442
616	426	444	518
425	322	336	326
531	214	215	233
356	269	287	284
550	403	574	551
272	372	499	273
468	469	572	524
264	580	481	263
650	591	535	576
552	295	550	294
547	275	261	422
527	466	536	532
625	232	231	212
596	451	558	49
97	395	96	274
549	293	301	299
553	52	33	34
478	223	239	236
373	126	115	114
549	548	552	530
551	407	300	404
442	127	128	116
414	579	591	576
363	159	160	177
384	419	383	382
534	292	279	278
459	461	646	623
639	635	433	436
441	440	235	245
554	377	280	279
317	561	480	158
354	295	287	297
602	297	286	296
429	438	437	430
231	212	211	583
421	117	99	98
501	477	475	494
261	422	262	619
426	128	118	117
551	404	300	296
307	259	262	306
477	503	501	642
351	244	232	233
572	340	328	339
612	499	401	298
621	580	481	622
277	615	29	30
376	425	100	322
536	469	528	340
581	305	350	254
273	96	90	91
472	473	654	578
615	49	48	29
520	519	616	579
511	182	512	191
553	225	34	484
412	644	618	414
534	25	279	32
469	328	329	309
527	536	340	330
434	249	433	435
587	636	235	588
522	542	581	467
454	60	61	68
583	285	267	266
531	523	215	311
353	232	212	213
432	472	461	471
585	570	563	342
280	279	24	32
536	312	329	330
377	266	280	285
635	248	239	238
604	404	296	292
460	471	461	453
511	427	190	191
152	220	145	194
430	456	623	461
411	333	343	334
583	286	267	285
504	507	133	405
206	213	205	269
207	211	212	268
647	65	55	56
455	62	61	50
458	277	278	30
442	115	126	127
613	272	372	499
372	115	95	114
621	616	379	425
354	524	550	574
462	456	461	455
276	615	29	277
612	276	615	614
549	301	293	294
277	276	612	288
294	301	297	549
448	290	549	299
404	300	296	292
297	403	551	296
499	298	288	289
630	325	320	631
509	131	122	121
508	126	134	127
448	299	298	289
505	361	508	373
370	344	337	335
207	212	206	268
631	463	161	630
516	130	129	134
354	286	297	287
583	267	286	268
412	409	517	609
454	68	67	59
303	23	16	73
612	277	288	291
146	161	320	147
602	354	625	286
353	269	206	268
581	310	265	542
355	270	214	205
29	633	302	70
302	1	70	135
33	484	303	280
633	613	94	620
564	199	218	314
596	30	615	277
330	536	312	586
273	95	96	91
276	612	288	614
546	243	245	250
613	272	95	372
546	244	245	243
620	94	114	95
193	2	71	10
94	92	271	93
608	71	193	136
102	367	324	103
372	115	96	95
491	479	154	222
632	528	572	339
444	129	127	134
545	233	234	244
376	322	100	101
544	566	581	270
571	578	535	576
376	322	101	323
425	322	326	321
585	342	331	341
585	342	563	331
518	128	129	118
563	342	332	331
543	351	233	545
426	117	118	100
178	360	463	161
502	587	637	642
478	224	223	236
586	588	527	532
267	210	208	211
552	282	283	294
581	566	305	270
542	264	468	309
435	433	247	249
630	631	103	325
148	318	159	160
403	404	604	603
367	369	410	120
146	74	348	195
364	411	370	335
303	33	23	73
630	161	631	320
348	630	325	320
139	196	349	253
585	346	342	341
199	198	315	219
348	138	195	74
475	643	500	497
197	254	350	305
564	199	315	219
478	637	236	642
150	149	317	158
585	586	527	331
316	561	480	317
516	130	119	129
372	95	96	273
350	310	255	305
410	130	120	119
611	358	359	424
562	176	158	159
388	43	42	11
265	255	256	310
547	98	99	137
203	350	197	254
304	547	137	275
137	275	88	304
137	347	304	81
523	202	216	215
350	215	203	311
581	215	214	254
328	309	469	481
634	262	621	307
562	333	318	317
395	448	372	499
619	326	307	306
642	236	239	246
502	637	563	561
480	478	565	156
396	394	443	426
165	164	180	385
564	219	637	218
496	497	494	500
224	156	140	253
648	344	343	345
394	426	117	442
527	340	341	330
322	321	100	86
323	102	324	84
376	336	322	323
376	378	379	336
584	585	590	563
510	515	424	189
364	476	409	644
362	335	319	334
561	562	563	502
636	217	200	218
356	568	295	550
588	532	312	216
522	310	329	311
315	219	198	349
636	235	217	218
312	201	216	202
589	651	645	576
536	330	329	340
585	414	570	632
515	177	188	187
651	578	654	576
567	467	542	468
444	129	128	127
479	478	155	223
572	338	339	327
632	345	343	346
637	235	218	236
634	283	282	263
524	626	354	525
593	633	620	613
481	328	308	327
636	217	235	234
411	334	343	344
562	159	149	318
149	148	318	159
634	263	282	262
562	363	159	318
562	149	158	317
360	362	178	359
379	327	326	338
306	547	347	261
632	345	346	338
334	363	319	362
148	319	318	160
481	258	308	263
348	320	146	195
319	161	147	320
281	262	621	282
634	258	263	262
320	631	319	161
630	161	162	463
413	368	410	367
549	293	290	530
434	248	249	250
476	187	186	176
364	411	333	570
150	157	158	317
561	562	333	563
273	274	90	96
273	95	91	272
542	264	309	256
530	293	281	282
572	328	327	339
365	367	323	369
303	252	73	16
398	374	372	371
547	99	321	87
347	261	260	306
363	160	318	319
325	103	83	324
422	261	262	281
437	240	241	227
589	591	576	590
451	449	455	408
322	100	101	85
444	508	504	134
400	577	473	574
523	312	216	202
311	202	215	203
208	211	207	267
137	88	81	304
556	230	225	210
394	426	442	443
99	86	321	87
347	260	304	81
308	264	257	309
560	109	123	110
308	309	481	264
207	267	211	268
437	226	227	36
555	230	226	225
563	314	331	332
561	564	637	563
586	331	313	330
586	330	313	312
585	563	570	590
642	235	236	246
502	587	642	501
484	73	303	252
484	225	34	22
578	571	575	576
375	232	243	231
354	626	625	353
430	447	603	461
583	230	211	231
554	51	52	63
377	292	285	279
455	51	62	50
407	298	300	291
441	587	440	589
354	295	356	287
623	52	53	63
266	484	252	210
583	438	230	231
212	625	583	231
510	192	189	191
604	296	285	292
586	331	314	313
640	228	237	229
639	629	627	493
504	519	470	444
46	111	559	557
585	343	342	346
502	476	474	562
470	372	373	442
483	67	58	59
45	490	559	110
560	44	109	7
570	342	343	333
164	383	385	165
518	129	119	118
503	239	248	246
439	249	242	250
254	215	203	350
633	94	613	271
632	338	346	339
156	565	253	224
452	455	62	61
489	56	41	57
41	12	13	169
406	124	110	123
6	5	111	46
557	5	112	47
565	219	564	315
199	200	218	314
19	228	37	18
20	227	36	19
492	238	221	237
495	221	153	152
153	144	152	221
605	37	38	55
646	460	459	514
611	78	163	105
164	165	77	106
492	237	640	635
278	31	26	25
633	276	615	29
633	613	614	271
498	172	173	184
491	153	154	173
407	291	300	292
458	278	534	31
386	122	123	107
513	428	539	540
554	430	456	623
423	180	190	189
633	271	614	276
613	272	288	271
521	15	167	39
302	70	1	28
613	272	92	95
638	605	627	640
1	70	135	3
194	15	72	9
405	132	133	124
509	131	132	122
557	594	112	361
386	132	123	122
220	521	194	152
380	390	181	166
361	111	110	124
647	627	605	445
595	371	374	453
504	133	131	134
506	410	130	121
477	494	503	492
557	46	111	5
110	7	6	45
495	172	152	153
376	336	323	337
95	91	272	92
139	151	349	196
481	379	572	327
491	153	221	222
520	414	579	415
94	113	633	620
395	273	372	96
634	580	283	263
439	243	250	242
165	76	77	107
164	77	78	106
547	347	304	137
547	137	87	347
425	321	99	100
613	272	271	92
135	633	302	94
397	399	407	408
482	44	45	58
560	7	45	44
369	102	101	119
274	89	90	97
119	120	369	102
562	176	363	476
577	599	598	654
193	171	10	71
193	2	75	136
425	322	321	100
465	443	530	395
527	341	331	330
263	634	481	258
