654 3776
 302 93 135 70 28 3
 71 8 136 193 10 75
 135 113 70 48 4 1
 558 113 112 48 5 47 3
 557 47 46 4 112 111 6
 110 111 46 45 5 7
 560 110 109 45 8 44 6
 71 2 136 608 44 109 7
 194 251 145 72 17 15
 71 171 43 11 193 2
 388 42 170 171 12 10 43
 169 42 170 11 41 13
 168 14 40 41 169 12
 168 13 40 167 39 15
 521 194 167 72 39 14 9
 252 22 73 303 209 23
 72 229 38 251 9 18
 228 38 229 37 17 19
 227 37 36 228 18 20
 226 35 21 36 227 19
 226 20 35 225 34 22
 484 73 252 34 16 225 21
 280 33 303 24 16 73
 279 32 25 33 280 23
 534 278 279 24 32 31 26
 30 277 278 31 27 25
 29 277 276 30 28 26
 70 29 302 276 27 1
 615 49 30 633 48 70 28 302 277 27 276
 458 278 31 277 26 596 50 49 615 29 27
 458 278 30 50 51 534 25 32 26
 554 534 279 51 52 33 24 25 280 31
 553 52 554 34 484 32 280 23 303 24 73
 553 33 484 73 22 225 35 21 52
 226 20 21 431 555 52 225 553 437 36 34 53
 431 437 35 624 227 226 20 53 54 19 37
 38 605 228 624 55 18 227 19 36 54
 605 228 37 521 72 229 627 39 55 18 638 17
 628 627 521 167 541 38 55 15 72 40 14
 167 541 168 14 13 39 55 41 56
 537 541 169 56 489 393 391 42 57 168 40 13 12
 388 11 170 391 41 393 57 12 169 58 43
 388 482 58 608 71 390 171 10 44 42 11
 482 485 608 71 560 45 8 109 58 43 7
 482 485 483 44 560 559 46 59 58 7 110 490 6
 557 5 47 59 559 60 45 111 110 6
 557 558 49 5 46 112 60 4 48
 558 633 615 4 113 70 29 49 3 47
 557 558 47 451 60 596 50 30 615 29 48 61
 458 455 451 31 51 61 596 49 30 62
 554 455 63 534 32 458 50 31 62 52
 553 554 33 555 431 35 32 623 63 53 34 51
 624 623 54 431 36 52 64 63 35
 459 624 623 53 65 647 64 36 37 55
 605 624 647 627 38 37 39 541 56 54 40 65
 514 66 65 537 41 541 647 55 489 57 40
 489 391 67 41 42 66 56 58
 482 388 483 43 45 391 67 44 42 57 59
 559 60 46 45 454 490 68 483 67 58
 59 559 46 557 49 451 595 454 47 68 61
 50 455 451 452 62 69 68 454 60 49
 455 63 51 456 452 61 69 64 50
 554 455 51 623 456 62 52 64 53
 459 623 456 63 65 69 62 53 54
 514 66 56 459 54 647 69 64 55
 514 65 56 457 488 68 459 489 69 67 57
 489 57 391 488 483 454 68 66 58 59
 452 457 69 66 488 61 67 454 59 60
 452 457 68 456 459 61 62 65 64 66
 633 48 29 135 113 3 28 302 1
 482 608 43 44 8 2 136 171 10 193
 38 521 229 251 194 15 39 17 9
 484 252 22 34 16 303 33 23
 348 138 82 80 195 146
 136 166 193 76 108 2
 380 166 165 387 108 75 107 77
 165 106 107 164 76 78
 611 164 106 105 163 79 77
 463 105 104 162 163 80 78
 630 162 104 195 138 74 79
 137 347 87 304 88 260
 103 325 138 348 74 83
 324 103 102 325 82 84
 323 101 102 85 83 324
 322 323 101 86 100 84
 99 100 321 322 85 87
 547 137 99 347 81 321 86
 275 89 98 137 304 81
 275 88 98 274 97 90
 274 96 97 273 91 89
 273 96 90 95 272 92
 613 94 95 271 93 272 91
 271 94 302 135 1 92
 271 93 302 135 613 95 92 113 633 620 114
 613 94 92 620 372 114 272 273 115 96 91
 395 273 274 97 394 116 372 90 115 91 95
 394 395 396 274 98 89 116 96 117 90
 275 88 89 274 396 97 547 421 99 137 117
 547 98 421 87 137 425 426 100 117 321 86
 376 617 101 425 426 99 118 86 321 322 85 117
 376 617 100 369 118 323 322 85 102 84 119
 367 323 324 103 83 369 120 101 84 119
 325 630 138 413 463 120 104 631 367 324 83 102 82
 463 105 79 630 162 80 103 120 138
 463 79 104 611 410 163 120 121 106 78
 611 164 78 509 383 122 386 105 121 165 107 77
 381 123 108 386 387 76 165 383 106 77 122
 381 107 123 608 380 166 76 387 136 109 75
 560 110 7 381 123 608 44 8 136 108
 560 7 109 559 111 361 45 490 406 123 124 46 6
 557 361 112 559 110 125 46 5 124 6
 557 361 111 558 47 113 4 620 594 125 114 5
 558 4 112 48 633 620 135 3 70 94 114
 372 373 115 594 125 112 126 620 94 113 95
 442 126 373 372 114 394 116 127 96 95
 97 394 96 115 442 117 127 128
 396 421 426 394 99 98 97 116 442 128 100 118
 617 101 100 426 128 518 369 119 117 129
 516 369 410 518 129 120 118 130 101 102
 413 463 103 410 367 105 369 102 119 104 130 121
 611 506 410 131 509 105 130 120 106 122
 509 106 386 121 132 107 131 123
 381 107 108 386 560 406 109 132 124 110 122
 361 405 406 133 125 132 123 110 111
 126 133 361 594 114 112 373 111 124
 133 125 361 508 134 115 442 373 114 127
 508 442 444 134 126 116 115 128 129
 426 518 118 117 442 444 129 127 116
 516 518 119 444 128 134 130 127 118
 516 506 131 410 119 121 120 134 129
 506 504 507 133 516 130 509 121 132 134 122
 406 124 123 405 507 386 133 131 509 122
 126 125 361 504 507 131 508 134 124 405 132
 508 126 133 504 444 127 516 129 131 130
 113 3 70 302 94 93 633 1
 71 8 2 608 166 75 193 108 381 109
 547 87 99 98 275 88 347 81 304
 325 630 103 348 82 74 104 80 195
 198 253 349 196 140 151
 253 156 196 224 141 139
 140 156 224 155 223 142
 479 154 222 143 155 223 141
 154 142 222 153 144 221
 152 221 220 153 143 145
 194 220 251 9 144 152
 195 320 161 147 74 348
 160 161 319 148 146 320
 319 160 147 318 159 149
 562 317 318 158 159 150 148
 157 316 151 317 149 158
 196 316 349 157 150 139
 628 495 172 638 221 521 220 167 144 194 145 153
 491 222 154 144 221 143 495 173 172 152
 491 479 174 142 222 173 143 155 153
 474 479 174 478 156 154 142 224 175 141 223
 474 480 175 565 157 253 140 196 478 224 141 155
 565 480 156 317 316 196 151 150 175 158
 561 175 480 562 149 159 317 176 157 150
 363 177 176 562 158 149 160 318 148
 363 178 362 319 161 147 148 159 318 177
 630 195 320 631 319 362 463 162 178 160 147 146 360
 463 163 178 630 80 104 195 161 79
 463 178 162 611 79 105 179 78 164
 611 78 106 423 179 383 385 165 180 163 77
 380 76 166 385 383 387 181 180 164 106 107 77
 380 76 165 608 108 136 75 193 171 390 181
 541 172 628 521 39 15 194 152 40 168 14
 167 541 40 169 182 172 14 13 41
 537 41 541 182 168 12 42 170 393 183 13
 388 389 393 11 42 171 183 12 169 181
 388 389 390 170 181 43 71 10 608 166 193 11
 628 495 152 167 541 173 498 182 168 153 184
 512 185 497 491 498 495 172 174 154 184 153
 474 479 155 491 154 497 173 186 175 185
 474 480 156 561 158 562 176 476 155 186 157 174
 363 159 177 562 476 175 187 158 186
 363 159 176 476 515 178 359 187 188 160
 463 163 162 161 611 160 363 362 359 360 177 179 188
 611 359 424 423 164 189 188 180 178 163
 423 385 190 165 181 189 179 164
 389 390 171 385 380 538 183 165 180 190 166 170
 537 511 183 512 191 184 498 541 169 172 168
 393 511 537 538 182 191 389 170 181 190 169
 182 512 191 192 498 173 185 172
 173 512 497 643 186 192 187 184 174
 474 475 476 497 643 174 185 175 187 176
 515 192 643 476 177 185 188 176 186
 424 189 179 515 192 359 187 177 178
 510 423 427 191 424 188 179 515 192 190 180
 538 385 427 423 180 181 183 511 189 191
 510 511 512 427 189 182 184 183 192 190
 515 643 187 185 189 188 512 191 184 510
 136 166 75 608 171 71 2 10
 251 521 220 15 167 145 72 9 152
 320 630 348 162 80 161 146 138 74
 349 565 316 253 156 140 157 151 139
 255 305 350 204 254 203
 139 253 349 219 199 315
 564 218 219 315 314 198 200
 636 314 218 313 217 201 199
 312 216 313 217 200 202
 523 311 312 215 216 201 203
 350 197 254 215 311 202
 305 214 254 270 197 205
 355 269 213 214 270 204 206
 353 213 212 268 269 205 207
 211 212 268 206 208 267
 210 266 209 267 211 207
 252 266 303 208 210 16
 208 266 209 211 583 230 556 484 225 252 267
 583 210 230 212 268 267 231 207 208
 353 206 213 268 583 211 625 232 231 207
 232 351 352 353 355 206 212 269 543 214 205 233
 543 531 544 233 355 213 270 581 215 305 204 254 205
 311 581 350 233 545 216 531 214 523 532 254 202 203
 312 201 313 588 234 217 233 545 215 523 532 202
 588 234 216 636 313 201 200 218 235
 564 636 314 199 219 200 637 235 236 217
 253 565 349 224 637 564 218 199 198 315 236
 251 521 194 229 638 152 221 145 144 237
 491 495 492 152 638 237 220 222 144 153 143 238
 491 479 492 239 142 154 143 221 153 223 238
 479 222 239 155 142 478 224 141 236
 478 565 156 219 637 140 141 236 253 155 223
 553 556 555 484 35 230 210 252 34 21 22 226
 20 35 21 437 555 240 227 36 230 225
 437 624 36 445 241 226 240 20 228 19 37
 38 605 37 624 445 227 18 229 640 241 237 19
 521 220 638 640 237 38 72 251 605 228 18 17
 211 583 210 556 555 225 438 231 242 240 226
 625 232 375 438 242 230 583 243 212 211
 213 351 352 375 353 625 231 233 244 243 212
 543 545 531 214 351 213 216 215 232 234 244
 440 245 244 588 216 217 636 235 545 233
 587 441 440 636 588 234 642 637 218 236 246 245 217
 478 642 239 637 224 235 219 218 223 246
 638 495 221 229 640 492 635 247 241 228 238 220
 492 635 239 237 247 222 221 248
 479 492 503 222 478 642 236 635 248 246 238 223
 437 226 555 435 241 227 438 230 242 439 249
 437 445 435 227 240 640 247 228 237 249
 438 231 230 240 439 375 243 249 250
 439 546 250 242 375 244 232 231 245
 440 234 245 546 545 351 243 375 233 232
 440 234 244 441 546 250 235 246 243
 642 503 239 441 248 235 250 245 236
 639 640 635 435 433 241 248 237 249 238
 434 635 433 249 441 503 247 239 246 250 238
 434 439 435 248 433 250 240 247 241 242
 439 243 546 434 249 441 245 248 246 242
 521 194 220 145 229 72 9 17
 484 73 22 266 209 303 210 225 16
 156 140 196 565 349 219 139 198 224
 305 214 204 215 581 350 197 203
 305 310 265 197 350 256
 542 310 309 265 264 257 255
 308 258 263 264 309 256
 634 481 307 308 262 257 263 259
 262 261 306 307 258 260
 304 261 347 259 306 81
 547 275 304 347 619 306 262 422 259 281 260
 619 306 261 621 307 282 634 258 259 422 281 263
 264 308 481 580 283 258 257 634 282 262
 567 566 284 542 468 283 568 580 481 263 308 309 257 265 256
 305 310 255 581 566 270 284 542 264 256
 252 209 303 208 210 556 377 583 484 280 285 267
 211 583 210 268 266 208 285 286 207
 353 206 212 269 287 583 211 625 286 267 207
 353 355 213 268 287 205 566 284 270 356 206
 566 269 284 544 355 214 305 265 581 204 205
 94 93 302 614 288 276 613 92 633 272
 499 289 288 613 273 372 95 91 271 92
 395 96 274 289 499 372 272 290 95 90 91
 275 98 89 395 273 96 396 281 290 97 90
 88 89 98 274 396 421 422 547 261 304 281 137
 614 288 271 633 615 29 277 27 612 302 28
 30 278 26 458 596 408 612 291 29 27 276 615 288
 534 279 25 458 31 30 277 26 408 292 291
 377 285 280 534 278 25 554 32 24 292
 377 279 285 484 303 266 33 23 553 24 32 554
 396 530 395 274 290 422 275 621 282 261 262 293
 262 621 634 580 552 530 281 283 293 549 294 263
 552 294 295 568 284 634 580 282 264 263
 567 264 566 269 270 356 568 283 295 287 265
 377 279 280 583 604 286 266 292 296 267
 353 354 287 625 583 602 268 604 285 297 296 267
 353 286 354 356 269 268 295 284 297
 499 272 289 612 613 614 298 291 276 271 277
 395 273 499 272 288 448 290 299 298
 395 281 274 530 448 289 549 299 293 273
 612 408 277 288 298 407 292 278 300
 408 407 291 534 404 377 604 278 279 285 300 296
 282 549 294 290 299 530 281 301
 550 295 297 552 283 293 282 549 301
 550 294 297 552 283 568 284 356 287 354
 403 551 404 604 297 301 602 286 300 285 292
 551 549 550 294 295 301 296 403 602 354 286 287
 612 288 291 407 401 499 448 289 299 300
 549 551 301 290 293 448 289 401 298 300
 401 298 299 551 301 296 407 404 292 291
 549 551 299 297 296 300 293 294
 271 94 93 70 29 28 135 633 276 1
 252 266 209 484 280 33 23 73 16
 547 261 275 347 260 137 88 81
 310 255 265 581 566 270 350 214 204 254 197
 547 619 321 262 261 259 347 307 326 260
 619 621 262 258 634 481 308 425 379 327 326 259 306
 481 328 309 307 258 263 264 257 327
 481 308 328 542 329 310 256 264 468 469 257
 542 329 309 305 255 265 256 522 350 311 581
 581 350 215 522 310 523 531 329 312 202 203
 216 201 313 523 311 202 588 586 532 536 329 330
 312 216 201 636 588 586 217 314 200 331 330
 564 218 636 315 199 200 563 332 313 586 331
 565 564 316 199 314 219 349 332 198
 564 565 561 480 349 196 315 317 157 332 151 150
 561 333 562 149 318 480 157 316 158 332 150
 562 149 317 334 333 363 319 160 159 148
 631 362 335 161 363 160 147 148 318 334 320
 630 195 348 161 631 325 335 146 319 147
 547 619 306 425 326 421 99 347 86 100 87 322
 376 336 425 323 85 101 86 100 326 321
 337 324 367 365 376 369 102 101 322 85 84 336
 367 337 370 323 102 325 103 83 335 84
 630 138 103 348 631 367 370 335 320 324 82 83
 619 425 321 379 336 338 307 306 327 322
 481 308 307 572 328 379 338 326 339
 481 308 309 572 327 469 340 329 339
 542 310 309 522 523 469 536 311 340 312 328 330
 586 527 331 536 340 312 329 341 313
 585 586 563 527 341 330 314 342 332 313
 561 563 333 564 316 317 314 315 342 331
 561 562 317 563 332 334 318 363 570 364 411 343 342
 411 344 335 333 318 363 364 362 319 343
 411 344 334 631 319 362 370 325 364 320 324 337
 376 378 337 425 379 326 345 338 322 323
 367 324 370 323 365 378 376 336 345 335 344
 378 336 345 379 326 415 632 339 572 327 346
 528 341 340 585 346 632 338 572 328 327
 528 339 341 536 469 329 527 572 328 330
 528 339 340 585 527 331 346 342 330
 585 343 570 563 333 332 331 341 346
 585 632 346 570 411 648 344 333 342 345 334
 366 370 411 378 335 334 337 648 343 345
 378 336 337 338 648 415 632 343 344 346
 585 632 343 339 341 342 345 338
 261 547 304 137 81 87 306 321 260
 630 138 325 320 195 82 74 146
 565 196 316 253 219 139 198 151 315
 311 581 215 522 310 305 254 197 255 203
 213 232 352 543 233 375 533 545 546 244
 213 232 351 353 355 356 375 533 543 525 535 626 354
 286 354 287 355 356 352 213 206 212 268 375 232 269 626 625
 353 286 287 356 625 607 626 525 352 524 550 574 602 297 295
 353 356 352 213 269 467 525 566 543 214 205 544 270
 353 355 352 354 287 567 525 568 566 269 284 295 550
 358 359 360 362 363 364 409 410 368 413 517 370 366 412
 357 359 360 410 416 417 418 609 610 424 409 506 611 517
 357 358 360 363 409 362 178 611 179 424 177 515 188
 357 358 359 410 413 631 463 370 362 611 178 161
 126 133 125 405 124 406 557 112 111 559 110 505 595 373 490 594 508
 357 363 364 631 319 335 161 160 178 359 360 370 334
 357 362 364 159 177 176 409 562 476 515 334 333 318 160 178 359 319
 357 362 363 409 366 411 412 562 569 570 476 644 370 333 335 334
 366 367 368 369 370 323 376 378 379 415 617 337
 365 367 368 370 411 364 412 344 413 414 415 378 357 648
 365 366 368 369 370 337 324 323 413 631 325 103 410 102 120
 365 366 367 369 413 414 412 415 520 517 518 357 410 617
 367 368 365 323 376 516 119 410 617 101 518 102 120 118 517
 365 366 367 337 324 344 411 378 413 631 325 335 360 362 357 364
 372 373 374 397 398 399 451 400 593 594 595 453
 371 373 374 395 394 448 470 398 593 499 442 613 620 96 115 114 95 273 272
 371 372 374 470 508 505 593 595 361 115 442 126 114 594 125 620
 371 372 373 398 400 464 470 505 417 597 595 598 453 519
 353 352 232 625 231 626 439 546 446 438 607 649 351 533 535 242 243 244
 365 323 369 378 379 617 101 100 337 336 425 322
 279 285 280 553 554 555 556 484 534 582 583 266 462 604 430 292
 376 379 365 366 370 344 415 337 336 345 338 648
 378 376 365 617 616 425 415 621 307 481 622 336 326 338 579 572 327
 76 166 165 382 383 384 385 485 381 608 108 389 387 181 390
 107 123 108 386 387 384 406 485 380 560 608 109 136
 380 383 384 423 419 486 487 392 485 389 393 427 385 511 540 538
 382 380 384 385 165 423 419 418 611 509 387 386 106 164 107
 382 380 383 387 386 381 392 485 406 507 418 509 487 419 490 560
 165 383 380 389 382 181 538 190 427 423 180 164
 107 123 381 387 384 406 509 507 383 106 122 132
 386 384 381 380 383 76 108 165 107
 389 390 171 391 392 393 170 482 58 483 43 485 11 42
 388 390 171 170 393 392 382 485 385 380 181 538 183
 388 389 171 485 482 43 608 181 380 166
 388 392 393 483 488 489 57 67 41 42 58
 388 391 393 483 488 486 489 384 485 382 389 490 487
 388 391 392 389 170 486 489 511 183 537 538 539 540 382 41 42 169
 395 97 396 372 448 398 464 465 470 443 442 116 96 426 117 115
 394 97 396 372 448 273 96 274 289 499 530 281 290 443 465 549
 394 395 97 421 422 275 98 274 530 281 443 117 426
 371 398 399 400 401 449 453 451 402 407 408
 397 371 399 400 401 394 464 465 470 372 374 448 593 499
 397 371 398 401 451 407 594 593 596 408 612 499
 397 398 401 402 403 404 374 464 371 473 577 598 551 574 453 465 529 407
 397 398 400 399 407 465 448 499 551 298 612 299 300
 403 404 400 407 408 397 453 449 455 461 462 471 472 473 603 598
 402 404 400 473 551 296 602 603 604 574 472 550 607 297
 402 403 400 407 408 551 296 604 534 292 462 603 300
 361 124 406 504 505 508 507 487 490 559 420 133 132
 361 405 124 381 386 384 507 487 490 560 123 110 132
 402 404 408 397 399 401 612 291 298 292 551 400 300
 402 407 404 596 451 399 397 458 277 612 291 455 278 534 462 449 292
 357 363 364 416 358 424 515 476 359 412 644 517 609 500 428
 357 358 360 516 369 119 368 413 517 463 120 611 105 367 506 121 130
 366 364 412 344 370 335 334 632 414 570 644 648 343 333
 366 411 364 368 414 609 520 618 648 357 409 644 517
 366 367 368 357 410 463 103 120 631 370 360
 366 368 412 415 520 590 585 570 648 632 411 579 591 644 618 576
 368 414 366 378 365 520 617 379 616 579 632 591 572 648 345 338
 417 418 358 419 420 423 424 609 610 409 428 652
 416 418 358 504 470 505 374 610 506 597 420 507 598 517 516 519 599
 416 417 358 419 420 423 424 507 509 384 383 506 611 487
 418 420 416 382 423 383 427 428 486 487 384 606 610 540 652
 418 419 416 405 559 490 592 487 486 450 595 597 460 417 610 505 606 507
 396 422 275 425 426 547 98 99 619 321 117
 396 421 275 425 426 281 547 619 261 621 616 443 530 262
 382 419 383 416 418 424 427 428 510 189 611 164 179 180 385 190
 416 418 423 358 409 428 515 510 611 359 179 189 188
 421 422 426 617 379 616 619 326 321 621 307 376 336 99 100 322
 425 421 422 442 443 444 616 396 117 617 99 394 518 100 128 118
 423 428 419 510 513 511 189 191 540 382 538 385 190
 427 423 419 500 496 515 513 510 424 641 540 539 486 652 416 409 609 653
 430 431 432 434 435 436 437 438 439 441 445 446 447
 429 431 432 462 456 461 554 377 582 603 623 437 447 438 555
 429 430 432 555 35 52 437 36 623 624 445 554 53
 429 430 431 600 601 471 623 461 447 624 646 472 445 436
 434 435 436 635 248 249 639 247
 433 435 436 429 441 503 635 248 439 249 250
 433 434 436 429 445 439 249 437 241 639 640 247 240
 433 434 435 429 441 445 503 635 639 446 447 649 646 432 601 600 501 494 641 645 651
 429 438 439 431 555 35 36 624 445 227 241 435 226 240 430
 429 437 439 446 447 582 555 556 430 231 242 230 375 607 625 240 583
 429 437 438 434 435 249 375 546 446 441 243 250 240 242
 234 245 244 533 535 546 532 589 587 584 441 649 235 588 650 526 545
 429 434 436 503 446 439 546 649 250 587 501 589 440 235 245 248 642 246
 426 443 444 394 470 127 508 372 115 126 373 116 117 128
 426 442 444 529 465 530 394 470 464 519 621 616 422 622 579 396 395
 426 442 443 516 129 518 127 508 470 504 519 134 616 128
 436 435 429 431 437 624 241 227 627 605 640 639 432 646 647 228
 429 438 447 375 439 546 436 441 607 649
 429 446 438 430 582 603 461 432 436 607 601 472 651 649
 395 394 372 398 465 401 549 551 289 290 299 499 298
 450 451 452 453 455 456 459 397 460 402 461 408
 449 451 452 453 454 457 459 460 592 420 595 597 488
 449 450 452 453 454 458 455 50 397 399 371 557 49 60 594 595 408 596 61 558
 449 450 451 454 455 456 457 68 69 459 61 62
 449 450 451 397 402 460 597 595 400 461 606 371 374 598 471
 452 450 451 457 487 592 490 488 559 59 60 483 595 67 68 61
 452 456 449 458 451 50 402 461 462 554 51 63 61 408 534 62
 455 452 449 459 462 430 461 554 63 623 69 64 62
 452 450 454 68 69 459 460 488 514 489 66
 455 451 50 278 31 30 51 596 408 277 534
 450 457 460 452 449 456 461 514 623 66 65 69 64 624 54 647 646
 459 450 457 449 453 420 597 461 488 606 600 471 592 486 514 489 646
 402 455 449 462 459 460 456 430 603 472 471 453 432 447 646 623 600
 402 455 461 554 377 534 582 604 456 430 603 408 404
 105 79 104 163 178 162 413 103 120 410 630 360 631 611 161
 398 394 465 374 400 470 443 519 473 577 598 599 529
 398 394 464 401 448 529 443 530 548 549 551 395 574 400
 467 468 469 522 523 524 525 526 527 528 531 532 533 535 536
 466 468 469 533 531 543 544 522 355 525 566 567 542 581
 466 467 469 524 525 567 542 264 571 572 580 573 481 309 568
 466 467 468 522 523 536 524 329 542 309 340 528 481 328 572
 394 372 398 504 417 505 443 442 373 374 508 444 464 519
 402 472 473 432 600 601 460 606 461 598 654 453
 402 471 473 603 403 461 432 601 447 607 578 651 654 574
 402 471 472 464 400 577 598 403 574 578 654
 475 186 476 477 478 479 155 174 480 175 156 502 561 497 562
 474 186 476 494 500 501 502 477 497 569 643
 474 475 186 562 569 502 176 175 364 363 177 515 409 187 643 500 644
 474 478 479 497 491 492 502 475 503 501 494 642
 474 477 479 503 502 480 156 565 224 561 642 637 155 239 236 223
 474 477 478 155 174 491 222 492 154 497 503 239 142 223
 474 175 156 561 158 565 316 157 317 478
 308 328 309 258 634 307 621 580 379 468 264 263 622 572 327 469
 388 58 483 43 485 390 44 608 71 45
 482 388 58 391 392 485 490 45 454 487 488 67 59
 73 252 22 553 556 225 34 33 377 303 280 266 210
 388 482 390 392 384 382 389 490 483 380 381 44 608 45 560
 419 382 487 392 488 489 393 592 420 606 460 539 540 428 600 646 514 652
 419 486 382 507 406 405 490 384 392 592 454 420 488 483 418
 392 486 489 450 457 460 454 592 487 483 66 68 391 67
 392 488 486 393 457 460 514 537 539 391 57 67 56 66 41
 392 485 483 487 406 405 384 560 592 454 559 420 361 110 45 59
 492 493 494 495 479 222 174 154 477 497 221 498 173 153
 491 493 494 495 479 222 477 503 221 239 639 635 640 237 238
 491 492 494 495 639 641 629 498 627 640 646
 491 492 493 496 497 498 475 500 501 477 639 635 641 503 436 601 645 653
 491 493 492 221 541 627 628 629 172 152 638 498 237 640 173 153
 497 498 494 500 515 428 513 512 641 643
 496 498 494 477 491 479 174 475 474 512 643 173 185 500 186
 496 497 494 513 512 641 511 182 629 539 537 495 493 491 173 172 541 184
 395 273 289 272 288 398 372 593 399 401 612 448 613 298
 475 494 501 569 496 515 428 497 641 643 409 476 644 653 645 609
 475 494 500 477 502 587 589 590 569 441 436 649 642 645 503 651
 477 474 475 501 478 562 476 569 570 642 590 561 587 637 563
 477 479 492 478 239 436 441 434 635 642 494 248 246 501
 470 417 505 506 507 131 405 508 133 516 444 519 134
 504 470 417 405 508 507 374 373 597 420 595 361 559
 504 507 131 516 130 418 358 417 611 517 121 410 509
 506 504 131 505 405 133 406 487 418 509 384 386 420 417 132
 504 505 405 470 127 442 444 373 126 133 134 361
 507 418 384 386 383 131 506 121 611 106 122 132
 511 512 191 513 427 515 189 423 428 424 192
 510 512 191 513 427 393 183 537 538 182 498 540 382 190
 510 511 191 515 513 182 184 496 498 643 497 173 185 192
 510 511 427 512 515 537 540 539 428 496 498 641
 66 65 56 629 539 646 537 541 460 459 457 489 486 647
 512 510 513 192 643 187 500 496 428 424 363 409 476 177 359 189 188
 369 119 410 517 518 519 504 131 506 129 130 444 417 134
 518 519 516 520 599 609 368 357 410 417 506 409 412 358 369 610
 517 519 516 520 129 119 444 616 617 368 426 369 128 118
 517 518 516 520 470 464 443 444 504 577 599 616 417 529 374 598 579
 517 518 519 616 617 599 609 412 618 368 414 415 577 579
 251 194 220 628 627 39 167 229 638 152 38 72 15
 469 523 466 531 467 350 310 311 581 542 329
 469 522 466 531 532 536 311 215 216 329 312 202
 466 468 525 533 535 526 469 571 572 528 573 574 568 550 354 626
 466 524 468 533 543 352 467 355 566 567 356 568 535 550 626 354
 466 527 528 524 535 571 584 585 591 589 440 650 532 588
 466 526 528 584 585 586 341 331 588 532 330 536 340
 466 526 527 571 524 572 339 341 340 585 632 591 536 469
 465 443 530 548 575 621 622 574 464 519 400 577 579
 529 465 443 548 549 396 395 281 621 282 422 290 552 293
 523 532 466 533 467 543 544 522 233 545 581 214 311 215
 523 531 466 535 533 440 215 216 526 588 527 536 586 312 545
 466 467 531 525 524 535 532 543 545 440 546 352 375 351
 278 279 25 554 32 377 51 462 458 455 31 408 292 404 604
 466 533 532 524 526 440 546 571 525 352 591 649 650 651 576 574 578 375 626
 466 469 523 329 532 586 527 330 312 340 528
 393 511 183 182 539 540 513 41 541 169 498 629 514 56 489
 393 511 183 382 389 385 190 427 181
 540 393 537 513 629 641 646 514 498 428 486 600 489 652
 539 393 537 513 427 428 486 511 419 382
 537 41 169 495 627 628 629 167 172 514 39 182 647 56 498 55 40 168
 329 310 309 567 467 566 264 468 256 522 581 469 265
 531 467 533 544 233 545 352 525 214 355 213 351
 543 531 467 581 214 355 566 270
 233 543 531 533 216 215 234 546 351 440 244 588 532
 533 440 535 375 439 446 441 243 250 649 245 545 351 244
 261 275 304 98 421 99 87 137 619 306 321 422 347
 465 530 549 529 550 551 552 574 575 573 621
 548 465 530 550 551 552 448 299 301 297 293 282 294 290 395
 549 551 548 552 297 574 602 403 294 295 568 524 525 573 354 356
 550 549 548 465 448 299 301 297 403 296 404 400 574 401 407 300
 549 550 548 575 621 580 573 294 283 295 282 568 530
 52 554 33 377 555 225 556 484 34 35 280
 553 52 33 377 555 32 534 279 455 51 63 462 430 431 623 456 280
 553 377 554 52 225 556 431 35 582 438 230 437 226 240 430
 553 225 555 484 377 582 438 583 210 230 266
 558 49 47 361 112 111 5 46 559 60 451 595 594
 557 49 47 112 593 596 615 620 594 48 633 113 4 451
 59 60 46 557 405 420 490 592 595 45 454 111 361 110 505
 384 406 490 485 44 45 608 110 7 109 123 381
 175 480 158 333 562 317 563 332 316 564 565 474 637 478 502
 561 333 317 149 318 476 569 502 570 158 159 176 175 364 363 563 474
 561 333 332 584 585 586 587 331 562 570 564 637 502 590 314 342
 316 565 561 315 586 636 637 332 218 314 199 219 563
 316 564 561 480 349 196 156 157 315 253 219 478 224 637
 467 355 525 567 356 264 284 542 269 270 544 581 305 265
 356 525 568 566 264 284 542 467 468
 567 356 525 283 284 295 264 580 552 524 550 468 573
 562 476 502 570 475 501 590 500 364 644 645
 562 569 502 590 585 414 343 632 364 644 333 563 411 342
 524 468 572 528 535 526 573 574 575 580 578 576 579 591
 571 524 468 528 575 580 622 579 632 591 415 481 379 328 327 338 339 469 340
 574 524 571 575 580 552 468 548 568 550
 573 524 571 575 400 551 403 548 550 602 607 603 578 465 535 577 529 626 354 473 472
 571 574 573 576 577 578 579 572 580 552 621 622 548 529
 575 577 578 579 571 589 591 650 651 535 590 414 618 645 654
 575 576 578 579 464 473 400 519 599 598 520 618 574 529 654
 575 576 577 571 574 535 607 626 651 472 473 654
 576 577 575 520 618 622 572 616 415 443 571 379 414 591 529 519
 571 575 572 573 552 621 468 634 481 282 283 568 264 622 263
 544 467 531 214 311 350 215 305 566 265 522 310 270 254 542
 556 377 555 438 462 604 430 603 625 602 583 447 607
 211 210 230 556 377 266 212 268 625 582 602 286 604 285 438 267 231
 585 563 586 587 588 527 526 589 590 440 591
 584 563 586 527 526 632 343 346 528 591 339 590 414 570 331 341 342
 584 585 563 587 588 527 331 564 636 637 313 330 314 536 532 312
 584 586 588 563 589 590 501 440 502 637 441 235 642 636
 584 586 587 234 216 217 440 526 532 527 636 313 235 312 545
 587 590 584 501 440 591 441 649 526 650 576 651 645
 587 589 584 501 591 585 414 570 569 502 644 645 563 618 576
 584 589 590 585 632 528 571 526 415 572 414 579 650 576 535
 487 454 490 559 420 486 450 595 488 460
 398 372 371 499 399 594 596 612 613 614 615 373 558 620 633
 371 451 399 595 593 596 620 558 373 125 114 112 557 361
 371 451 594 450 592 420 453 559 597 505 374 557 60 361 373 454
 399 594 593 408 451 50 49 30 458 277 612 615 558
 420 450 460 453 417 610 505 595 374 606 598
 464 400 473 577 599 597 417 374 453 402 471 519 610 654 606
 464 577 519 598 520 517 609 618 610 417 654
 432 601 471 460 606 461 436 646 539 486 652 654 653 641
 432 600 471 447 472 436 494 645 651 654 653 641
 403 603 604 550 574 607 625 582 583 286 297 296 354
 403 602 604 402 472 607 574 462 461 430 582 447 404
 403 602 603 296 404 462 582 377 583 286 285 292 534
 38 228 37 445 627 640 624 55 647 638 229
 460 600 471 597 420 610 419 486 453 652 654 598
 403 574 603 602 625 354 626 438 375 446 649 582 447 578 651 472
 44 482 485 71 43 380 108 166 560 381 390 8 136 109 171 193
 416 358 610 520 517 599 412 618 644 409 500 428 653 654 652
 416 358 609 417 597 420 606 419 517 599 652 598 654
 418 423 383 506 358 463 105 410 178 163 360 121 359 179 424 164 78 106 509
 593 613 614 288 615 596 399 408 277 291 298 407 499 276 401
 612 593 614 288 372 620 633 94 95 92 271 499 272
 612 593 613 288 633 615 276 271
 612 593 596 558 633 614 48 49 30 29 276 277
 520 518 617 379 425 621 422 443 426 415 579 622 519 444
 520 616 518 376 101 100 379 425 365 415 369 368 426 118
 609 520 412 577 579 644 590 414 599 654 576 645 653
 547 306 321 422 421 262 261 621 307 425 326
 593 558 594 372 613 112 113 95 114 633 373 94
 575 552 580 619 262 307 282 634 481 425 379 529 622 616 422 443 530 281 548
 575 572 579 621 529 443 616 379 580 481
 431 430 432 554 52 624 646 461 63 456 459 64 54 53
 431 36 437 445 227 432 623 646 605 55 647 37 228 459 54 53
 232 375 231 582 602 583 353 626 354 607 286 438 268 212
 353 625 375 354 607 649 525 352 578 574 651 535 524
 495 541 628 629 521 39 445 605 640 639 493 647 638 38 55
 495 541 627 172 152 167 521 39 638
 495 541 627 539 641 646 514 498 537 493 639 647
 325 138 103 348 320 195 162 80 104 463 161 631
 413 370 367 319 362 335 161 360 463 103 325 320 630
 585 343 346 528 591 339 570 411 414 415 572 648 345 338
 593 614 615 558 48 113 70 29 276 613 620 135 94 302 271
 258 481 307 262 621 282 580 283 263
 434 436 503 433 248 639 492 494 640 247 239 237 238
 564 586 637 218 314 313 588 200 234 235 217 587
 564 586 636 565 561 224 219 478 563 587 502 642 235 218 236
 495 152 221 237 229 521 220 640 628 627 605 38
 492 635 494 640 445 627 641 493 435 436 247 629 647 433 646
 445 627 605 639 492 635 247 435 638 229 237 495 493 241 228
 639 493 494 496 513 498 428 629 539 646 436 500 653 652 600 601
 477 503 478 502 637 235 587 239 236 441 246 501
 515 192 187 512 496 497 500 476 475 186 185
 645 590 569 364 570 412 409 411 618 609 500 476 414 653
 644 590 569 494 436 601 500 501 618 576 653 654 651 589
 629 539 641 514 432 623 624 461 436 445 600 486 647 493 639 460 459
 639 629 627 605 624 55 445 541 514 646 56 459 65 54
 366 412 414 411 378 415 345 632 343 344
 607 375 626 446 441 436 546 589 440 501 650 651 535 447
 589 440 649 591 576 651 526 535
 589 650 576 649 535 607 578 626 472 447 601 654 436 501 645
 419 486 606 428 539 600 610 654 609 416 653 641
 494 500 641 428 609 652 654 600 644 618 601 645
 471 472 473 610 652 606 599 618 609 653 600 601 651 645 598 576 577 578